10
crouch
1
32
32
0 32 
0 32 
0 32 
0 32 
0 32 
0 32 
0 32 
0 32 
0 32 
0 32 
0 32 
0 32 
0 32 
0 32 
0 32 
0 32 
0 32 
0 32 
0 32 
0 32 
0 32 
1 13 0 9 0 10 
1 9 2 4 3 1 4 1 3 2 2 4 1 1 0 3 0 7 
1 7 2 2 3 1 4 4 3 3 1 1 5 1 3 1 1 2 5 1 2 1 1 1 0 2 0 5 
1 5 2 2 3 1 4 7 3 2 5 1 6 1 2 1 3 1 5 1 6 1 3 1 2 2 1 1 0 2 0 3 
1 4 2 1 3 1 7 12 5 1 2 1 3 1 7 1 5 1 3 1 2 4 1 1 0 1 0 2 
1 3 2 1 3 1 2 4 3 1 1 8 7 1 3 1 1 2 7 1 3 1 2 3 1 3 0 1 
1 3 2 1 3 2 8 1 2 5 3 1 2 3 3 2 2 6 1 6 0 1 
1 4 2 1 8 1 9 2 8 2 2 3 3 2 1 5 2 1 1 8 0 1 0 2 
1 5 8 1 2 8 1 12 0 3 0 3 
10 6 8 1 10 6 2 1 1 7 8 5 10 2 0 1 0 3 
10 7 1 8 10 6 0 7 0 4 

dash
8
32
32
0 32 
0 32 
0 32 
0 32 
0 32 
0 32 
0 32 
0 32 
0 32 
1 10 0 9 0 13 
1 9 2 1 3 1 2 2 1 1 2 1 3 2 2 1 1 1 0 2 0 11 
1 8 2 1 3 1 2 4 3 2 2 4 1 1 0 1 0 10 
1 8 3 1 2 6 3 1 4 1 3 2 2 2 1 1 0 1 0 9 
1 8 3 1 4 8 3 3 2 2 1 1 0 1 0 8 
1 8 2 1 3 1 2 13 1 1 0 1 0 7 
1 7 2 1 3 4 2 11 1 2 0 1 0 6 
1 7 3 1 2 2 3 3 1 10 5 1 1 1 0 1 0 6 
1 6 2 1 3 1 5 15 6 1 2 1 1 1 0 1 0 5 
1 6 3 1 5 16 6 1 2 1 1 1 0 1 0 5 
1 6 3 1 7 16 5 1 2 1 1 1 0 1 0 5 
1 6 3 1 7 16 2 2 1 1 10 1 0 2 0 3 
1 6 3 1 1 16 7 1 3 1 1 1 10 1 8 1 10 1 0 1 0 2 
1 6 2 1 3 1 2 13 3 2 2 2 1 1 10 1 8 1 10 1 0 1 0 2 
8 6 2 3 3 1 2 15 1 1 10 1 8 1 10 1 0 1 0 2 
8 5 9 1 8 1 2 3 3 1 2 13 1 1 10 1 8 1 10 1 0 1 0 3 
8 4 9 1 8 1 10 4 3 1 2 12 1 2 10 1 8 1 10 1 0 1 0 3 
8 3 10 7 3 1 2 11 1 2 10 1 8 1 10 1 0 1 0 4 
8 3 10 6 2 2 3 2 2 7 1 3 10 1 8 1 10 1 0 1 0 5 
8 2 10 6 1 2 2 1 1 11 10 1 8 1 10 1 0 1 0 6 
10 2 8 1 10 4 0 2 1 2 2 2 1 7 10 2 0 3 0 7 
10 2 0 6 1 5 0 7 0 12 
10 3 0 3 0 26 
0 32 
0 32 
0 32 
0 32 
0 32 
0 32 
0 32 
0 32 
1 9 0 4 1 5 0 4 0 10 
1 8 2 1 3 1 2 2 1 1 2 7 1 2 0 1 0 9 
1 7 2 1 3 1 2 4 1 1 2 1 3 1 2 3 1 1 2 2 1 1 0 1 0 8 
1 7 3 1 2 6 3 2 4 1 3 1 2 3 1 1 0 2 0 8 
1 7 3 1 2 6 3 1 4 1 3 3 2 3 1 1 0 2 0 7 
1 7 3 1 4 8 3 2 2 5 1 1 0 1 0 7 
1 7 2 1 3 1 2 15 1 1 0 1 0 6 
1 7 2 1 3 2 1 12 5 1 2 1 5 1 0 1 0 6 
1 6 2 1 3 1 5 14 6 1 2 1 6 1 1 1 0 1 0 5 
1 6 3 1 5 15 6 1 2 1 6 1 1 1 0 1 0 5 
1 6 3 1 7 15 5 1 2 1 5 1 1 1 0 1 0 5 
1 6 3 1 7 15 2 2 7 1 1 1 0 1 0 5 
1 6 3 1 1 15 7 1 2 1 7 1 1 1 0 1 0 5 
1 6 3 1 2 13 3 2 1 4 0 1 0 5 
1 6 2 1 3 1 2 17 1 1 10 1 0 1 0 4 
8 6 2 2 3 1 1 14 2 1 1 1 10 1 8 1 10 1 0 1 0 3 
8 5 2 4 3 1 2 13 1 2 10 1 8 1 10 1 0 1 0 3 
10 5 8 1 2 4 3 1 2 11 1 2 10 1 8 1 10 1 0 1 0 4 
10 5 8 1 2 4 3 3 2 7 1 3 10 1 8 2 10 1 0 1 0 4 
10 6 8 1 2 4 1 11 10 1 8 2 10 1 0 1 0 5 
10 6 8 1 1 4 2 2 1 7 10 2 0 4 0 6 
10 7 8 1 0 4 1 1 10 7 0 5 0 7 
10 7 8 2 10 2 0 1 10 6 0 5 0 9 
10 8 0 3 0 21 
0 32 
0 32 
0 32 
0 32 
0 32 
0 32 
0 32 
0 32 
1 8 0 4 1 7 0 4 0 9 
1 7 2 1 3 1 2 2 1 1 2 7 3 1 2 2 1 1 0 1 0 8 
1 6 2 1 3 1 2 5 3 1 2 6 3 2 2 1 1 1 0 1 0 7 
1 6 3 1 4 8 3 3 2 4 3 1 1 1 0 1 0 7 
1 6 3 1 4 7 3 5 2 4 1 1 0 1 0 7 
1 6 2 1 3 1 4 7 3 3 1 6 0 1 0 7 
1 7 2 1 3 1 1 16 0 1 0 6 
1 7 2 1 3 2 1 10 5 1 3 1 2 1 5 1 1 1 0 1 0 6 
1 6 2 1 3 1 5 12 6 1 2 1 6 2 2 1 1 1 0 1 0 5 
1 6 3 1 5 13 6 1 2 1 6 2 2 1 1 1 0 1 0 5 
1 6 3 1 7 13 5 1 2 1 5 2 2 1 1 1 0 1 0 5 
1 6 3 1 7 13 2 2 7 2 2 1 1 1 0 1 0 5 
1 6 3 1 1 13 7 1 3 1 2 1 7 1 3 1 1 1 0 1 0 5 
1 6 2 1 3 1 2 10 3 2 2 5 1 1 0 1 0 5 
1 6 2 1 3 1 2 17 1 1 0 1 0 5 
1 7 2 1 3 1 1 13 3 1 2 1 1 1 0 1 0 6 
10 7 8 1 2 1 3 1 2 13 1 2 0 1 0 6 
10 7 8 1 2 2 3 1 2 11 1 2 10 1 0 1 0 6 
10 7 8 1 2 3 3 2 2 7 1 3 10 1 0 2 0 6 
10 7 8 2 2 3 1 10 10 1 0 3 0 6 
10 8 8 2 2 4 1 6 10 2 0 4 0 6 
10 8 8 3 1 6 10 3 0 5 0 7 
10 9 8 4 10 4 0 6 0 9 
10 11 0 10 0 11 
0 32 
0 32 
0 32 
0 32 
0 32 
0 32 
0 32 
0 32 
1 8 0 4 1 7 0 4 0 9 
1 7 2 1 3 1 2 2 1 1 2 7 3 1 2 2 1 1 0 1 0 8 
1 6 2 1 3 1 2 5 3 1 2 6 3 2 2 1 1 1 0 1 0 7 
1 6 3 1 4 8 3 3 2 4 3 1 1 1 0 1 0 7 
1 6 3 1 4 7 3 5 2 4 1 1 0 1 0 7 
1 6 2 1 3 1 4 7 3 3 1 6 0 1 0 7 
1 7 2 1 3 1 2 15 1 1 0 1 0 6 
1 7 2 1 3 2 1 9 5 1 3 1 1 2 5 1 1 1 0 1 0 6 
1 6 2 1 3 1 5 11 6 1 2 1 3 1 5 1 6 1 2 1 1 1 0 1 0 5 
1 6 3 1 5 12 6 1 2 1 3 1 5 1 6 1 2 1 1 1 0 1 0 5 
1 6 3 1 7 12 5 1 2 1 3 1 7 1 5 1 2 1 1 1 0 1 0 5 
1 6 3 1 7 12 2 2 3 1 7 1 2 2 1 1 0 1 0 5 
1 6 3 1 1 12 7 1 3 1 1 2 7 1 3 1 1 1 0 1 0 5 
1 6 2 1 3 1 2 9 3 2 2 6 1 1 0 1 0 5 
1 6 2 1 3 1 2 17 1 1 0 1 0 5 
1 7 2 1 3 1 1 13 3 1 2 1 1 1 0 1 0 6 
1 7 2 1 3 2 2 13 8 1 10 2 0 1 0 5 
10 7 1 1 2 1 3 2 2 11 8 1 10 3 0 1 0 5 
10 7 1 2 2 1 3 3 2 7 8 2 10 3 0 2 0 5 
10 7 1 3 2 1 8 10 10 3 0 2 0 6 
10 7 1 4 2 2 8 6 10 4 0 2 0 7 
10 8 1 5 10 3 8 1 10 4 0 3 0 8 
10 10 0 12 0 10 
10 12 0 8 0 12 
0 32 
0 32 
0 32 
0 32 
0 32 
0 32 
0 32 
0 32 
0 32 
1 8 0 4 1 10 0 4 0 6 
1 7 2 1 3 1 2 2 1 1 3 10 2 3 1 1 0 1 0 5 
1 6 2 1 3 1 2 5 3 1 2 7 3 2 2 3 1 1 0 1 0 4 
1 6 3 1 4 9 3 3 2 4 3 1 1 3 0 1 0 4 
1 6 3 1 4 8 3 5 2 4 3 1 2 1 1 1 0 1 0 4 
1 6 2 1 3 1 4 8 3 3 2 6 1 2 0 1 0 4 
1 7 2 1 3 1 1 17 0 1 0 5 
1 7 2 1 3 2 1 9 5 1 3 1 1 2 5 1 3 1 1 1 0 1 0 5 
1 7 2 1 3 1 5 10 6 1 2 1 3 1 5 1 6 1 2 1 1 2 0 1 0 4 
1 7 3 1 5 11 6 1 2 1 3 1 5 1 6 1 2 1 3 1 1 1 0 1 0 4 
1 7 3 1 7 11 5 1 2 1 3 1 7 1 5 1 2 1 3 1 1 1 0 1 0 4 
1 7 3 1 7 11 2 2 3 1 7 1 2 2 3 1 1 1 0 1 0 4 
1 7 3 1 1 11 7 1 3 1 1 2 7 1 3 1 1 2 0 1 0 4 
1 7 2 1 3 1 2 8 3 2 2 5 8 1 0 3 0 4 
1 7 2 1 3 1 8 15 9 1 8 1 10 2 0 1 0 3 
10 7 1 1 2 1 3 1 1 11 3 1 2 1 8 1 10 4 0 1 0 3 
10 7 1 1 2 1 3 2 2 11 8 1 10 5 0 1 0 3 
10 6 1 3 2 1 3 2 8 10 10 5 0 1 0 4 
10 6 1 4 2 1 3 3 2 7 8 1 10 4 0 2 0 4 
10 5 1 6 2 1 8 9 10 4 0 2 0 5 
10 5 1 7 2 2 10 6 8 1 10 3 0 2 0 6 
10 5 11 8 1 1 10 5 0 6 0 7 
10 6 11 4 10 8 0 5 0 9 
0 32 
0 32 
0 32 
0 32 
0 32 
0 32 
0 32 
0 32 
1 8 0 4 1 7 0 4 0 9 
1 7 2 1 3 1 2 2 1 1 2 7 3 1 2 2 1 1 0 1 0 8 
1 6 2 1 3 1 2 5 3 1 2 6 3 2 2 1 1 1 0 1 0 7 
1 6 3 1 4 8 3 3 2 4 3 1 1 1 0 1 0 7 
1 6 3 1 4 7 3 5 2 4 1 1 0 1 0 7 
1 6 2 1 3 1 4 7 3 3 1 6 0 1 0 7 
1 7 2 1 3 1 2 15 1 1 0 1 0 6 
1 7 2 1 3 2 1 9 5 1 3 1 1 2 5 1 1 1 0 1 0 6 
1 6 2 1 3 1 5 11 6 1 2 1 3 1 5 1 6 1 2 1 1 1 0 1 0 5 
1 6 3 1 5 12 6 1 2 1 3 1 5 1 6 1 2 1 1 1 0 1 0 5 
1 6 3 1 7 12 5 1 2 1 3 1 7 1 5 1 2 1 1 1 0 1 0 5 
1 6 3 1 7 12 2 2 3 1 7 1 2 2 1 1 0 1 0 5 
1 6 3 1 1 12 7 1 3 1 1 2 7 1 3 1 1 1 0 1 0 5 
1 6 2 1 3 1 2 9 3 2 2 6 1 1 0 1 0 5 
1 6 2 1 3 1 2 17 1 1 0 1 0 5 
1 7 2 1 3 1 1 13 3 1 2 1 1 1 0 1 0 6 
1 7 2 1 3 2 2 13 10 2 0 1 0 6 
10 7 1 1 2 1 3 2 2 11 8 2 10 1 0 1 0 6 
10 7 1 2 2 1 3 3 2 7 8 3 10 2 0 1 0 6 
10 7 1 3 2 1 8 10 10 3 0 1 0 7 
10 7 1 4 2 2 8 6 10 4 0 2 0 7 
10 8 1 5 10 3 8 1 10 4 0 3 0 8 
10 10 0 12 0 10 
10 12 0 8 0 12 
0 32 
0 32 
0 32 
0 32 
0 32 
0 32 
0 32 
0 32 
1 8 0 4 1 7 0 4 0 9 
1 7 2 1 3 1 2 2 1 1 2 7 3 1 2 2 1 1 0 1 0 8 
1 6 2 1 3 1 2 5 3 1 2 6 3 2 2 1 1 1 0 1 0 7 
1 6 3 1 4 8 3 3 2 4 3 1 1 1 0 1 0 7 
1 6 3 1 4 7 3 5 2 4 1 1 0 1 0 7 
1 6 2 1 3 1 4 7 3 3 1 6 0 1 0 7 
1 7 2 1 3 1 1 16 0 1 0 6 
1 7 2 1 3 2 1 10 5 1 3 1 2 1 5 1 1 1 0 1 0 6 
1 6 2 1 3 1 5 12 6 1 2 1 6 2 2 1 1 1 0 1 0 5 
1 6 3 1 5 13 6 1 2 1 6 2 2 1 1 1 0 1 0 5 
1 6 3 1 7 13 5 1 2 1 5 2 2 1 1 1 0 1 0 5 
1 6 3 1 7 13 2 2 7 2 2 1 1 1 0 1 0 5 
1 6 3 1 1 13 7 1 3 1 2 1 7 1 3 1 1 1 0 1 0 5 
1 6 2 1 3 1 2 10 3 2 2 5 1 1 0 1 0 5 
1 6 2 1 3 1 2 17 1 1 0 1 0 5 
1 7 2 1 3 1 1 13 3 1 2 1 1 1 0 1 0 6 
10 7 8 1 2 1 3 1 2 13 1 2 0 1 0 6 
10 7 8 1 2 2 3 1 2 11 1 2 10 1 0 1 0 6 
10 7 8 1 2 3 3 2 2 7 1 3 10 1 0 2 0 6 
10 7 8 2 2 3 1 10 10 1 0 3 0 6 
10 8 8 2 2 4 1 6 10 2 0 4 0 6 
10 8 8 3 1 6 10 3 0 5 0 7 
10 9 8 4 10 4 0 6 0 9 
10 11 0 10 0 11 
0 32 
0 32 
0 32 
0 32 
0 32 
0 32 
0 32 
0 32 
1 9 0 4 1 5 0 4 0 10 
1 8 2 1 3 1 2 2 1 1 2 7 1 2 0 1 0 9 
1 7 2 1 3 1 2 4 1 1 2 1 3 1 2 3 1 1 2 2 1 1 0 1 0 8 
1 7 3 1 2 6 3 2 4 1 3 1 2 3 1 1 0 2 0 8 
1 7 3 1 2 6 3 1 4 1 3 3 2 3 1 1 0 2 0 7 
1 7 3 1 4 8 3 2 2 5 1 1 0 1 0 7 
1 7 2 1 3 1 2 15 1 1 0 1 0 6 
1 7 2 1 3 2 1 12 5 1 2 1 5 1 0 1 0 6 
1 6 2 1 3 1 5 14 6 1 2 1 6 1 1 1 0 1 0 5 
1 6 3 1 5 15 6 1 2 1 6 1 1 1 0 1 0 5 
1 6 3 1 7 15 5 1 2 1 5 1 1 1 0 1 0 5 
1 6 3 1 7 15 2 2 7 1 1 1 0 1 0 5 
1 6 3 1 1 15 7 1 2 1 7 1 1 1 0 1 0 5 
1 6 3 1 2 13 3 2 1 4 0 1 0 5 
1 6 2 1 3 1 2 17 1 1 10 1 0 1 0 4 
8 6 2 2 3 1 1 14 2 1 1 1 10 1 8 1 10 1 0 1 0 3 
8 5 2 4 3 1 2 13 1 2 10 1 8 1 10 1 0 1 0 3 
10 5 8 1 2 4 3 1 2 11 1 2 10 1 8 1 10 1 0 1 0 4 
10 5 8 1 2 4 3 3 2 7 1 3 10 1 8 2 10 1 0 1 0 4 
10 6 8 1 2 4 1 11 10 1 8 2 10 1 0 1 0 5 
10 6 8 1 1 4 2 2 1 7 10 2 0 4 0 6 
10 7 8 1 0 4 1 1 10 7 0 5 0 7 
10 7 8 2 10 2 0 1 10 6 0 5 0 9 
10 8 0 3 0 21 

fall
2
32
32
0 32 
0 32 
0 32 
0 32 
0 32 
0 32 
0 32 
1 8 0 4 1 9 0 4 0 7 
1 7 2 1 3 1 2 2 1 1 0 1 1 1 3 7 2 3 1 1 0 1 0 6 
1 6 2 1 3 1 2 4 1 1 2 1 3 1 2 6 3 2 2 2 1 1 0 1 0 5 
1 6 3 1 2 6 3 1 4 3 3 3 2 3 3 1 1 2 0 1 0 5 
1 6 3 1 4 9 3 5 2 3 3 1 1 1 0 1 0 5 
1 6 2 1 3 1 4 9 3 3 2 5 1 1 0 1 0 5 
1 7 2 1 3 1 1 17 0 1 0 5 
1 8 2 1 3 1 1 11 5 1 3 1 1 1 5 1 1 1 0 1 0 5 
1 7 2 1 3 1 5 12 6 1 2 1 5 1 6 1 2 1 1 1 0 1 0 4 
1 7 2 1 3 1 5 12 6 1 2 1 5 1 6 1 3 1 1 1 0 1 0 4 
1 7 3 1 7 13 5 1 2 1 7 1 5 1 3 1 1 1 0 1 0 4 
1 7 3 1 7 13 2 2 7 1 3 2 1 1 0 1 0 4 
1 7 3 1 1 13 7 1 3 1 1 1 7 1 3 1 1 1 0 1 0 4 
1 7 2 1 3 1 2 10 3 2 2 5 1 1 0 1 0 4 
1 7 2 1 3 1 2 17 1 1 0 1 0 4 
10 7 1 1 2 1 3 1 1 13 3 1 2 1 1 1 0 1 0 5 
10 7 1 1 2 1 3 2 2 13 1 2 0 1 0 5 
10 6 1 3 2 1 3 2 2 11 1 2 0 1 0 6 
10 6 8 1 10 1 1 2 2 1 3 3 2 7 1 3 0 1 0 7 
10 5 8 2 10 2 1 2 2 1 1 11 0 1 0 8 
10 5 8 1 10 4 1 2 2 2 1 7 0 2 0 9 
10 5 8 1 10 4 8 2 1 2 0 7 0 11 
10 5 8 1 10 3 8 2 10 3 0 2 0 16 
10 5 8 2 10 1 8 4 10 1 0 2 0 17 
10 6 0 3 10 2 0 3 0 18 
0 32 
0 32 
0 32 
0 32 
0 32 
0 32 
0 32 
0 32 
1 7 0 4 1 3 0 7 1 2 0 4 0 5 
1 6 2 1 3 1 2 2 1 1 0 1 1 1 2 1 3 1 1 6 2 2 3 1 2 2 1 1 0 1 0 4 
1 5 2 1 3 1 1 5 2 1 3 1 4 3 3 3 2 3 3 2 2 2 1 1 0 1 0 3 
1 5 3 1 4 7 3 1 4 2 3 5 2 4 3 1 1 2 0 1 0 3 
1 5 3 1 4 11 3 3 2 6 3 1 1 1 0 1 0 3 
1 5 2 1 3 1 1 19 2 1 1 1 0 1 0 3 
1 6 2 1 3 1 2 1 3 1 1 11 5 1 3 1 1 1 5 1 1 1 0 2 0 4 
1 8 3 1 5 12 6 1 2 1 5 1 6 1 2 1 1 1 0 1 0 4 
1 7 2 1 3 1 5 12 6 1 2 1 5 1 6 1 3 1 1 1 0 1 0 4 
1 7 3 1 7 13 5 1 2 1 7 1 5 1 3 1 1 1 0 1 0 4 
1 7 3 1 7 13 2 2 7 1 3 2 1 1 0 1 0 4 
1 7 3 1 1 13 7 1 3 1 1 1 7 1 3 1 1 1 0 1 0 4 
1 7 2 1 3 1 2 10 3 2 2 5 1 1 0 1 0 4 
1 7 2 1 3 1 2 17 1 1 0 1 0 4 
10 7 1 1 2 1 3 1 1 13 3 1 2 1 1 1 0 1 0 5 
10 7 1 1 2 1 3 2 2 13 1 2 0 1 0 5 
10 6 1 3 2 1 3 2 2 11 1 2 0 1 0 6 
10 6 8 1 10 1 1 2 2 1 3 3 2 7 1 3 0 1 0 7 
10 5 8 2 10 2 1 2 2 1 1 11 0 1 0 8 
10 5 8 1 10 4 1 2 2 2 1 7 0 2 0 9 
10 5 8 1 10 4 8 2 1 2 0 7 0 11 
10 5 8 1 10 3 8 2 10 3 0 2 0 16 
10 5 8 2 10 1 8 4 10 1 0 2 0 17 
10 6 0 3 10 2 0 3 0 18 

fallnojmp
2
32
32
0 32 
0 32 
0 32 
0 32 
0 32 
0 32 
0 32 
0 32 
1 21 0 4 0 7 
1 12 0 7 1 1 2 1 3 1 2 2 1 1 0 1 0 6 
1 10 2 2 3 1 2 5 1 1 2 1 3 1 2 4 1 1 0 1 0 5 
1 4 0 4 1 1 2 1 3 1 4 3 3 3 2 3 3 2 1 4 0 1 0 5 
1 3 2 1 3 1 2 2 1 1 2 1 3 1 4 3 3 5 2 4 3 1 1 3 0 1 0 5 
1 2 2 1 3 1 2 4 3 2 4 4 3 2 1 4 5 1 3 1 2 1 3 1 2 1 1 1 0 1 0 5 
1 2 3 1 2 6 3 1 1 7 5 1 3 1 5 1 6 1 3 1 2 2 1 1 0 1 0 6 
1 2 3 1 5 14 6 1 3 1 5 1 6 1 3 1 1 2 0 1 0 7 
1 2 2 1 3 1 5 13 6 1 3 1 7 2 5 1 3 1 2 1 1 1 0 1 0 6 
1 3 2 1 3 2 7 12 5 1 3 1 7 1 3 2 1 2 0 1 0 6 
1 4 2 1 3 2 7 11 3 2 1 1 7 1 3 1 1 2 0 1 0 6 
1 5 3 1 1 12 7 1 3 1 2 3 3 1 1 1 0 1 0 6 
1 5 3 1 2 10 3 2 1 7 0 1 8 1 0 3 0 2 
1 5 2 1 3 1 1 14 3 1 2 2 1 1 8 1 10 4 0 1 
1 5 2 1 3 1 2 17 1 1 8 1 10 4 0 1 
1 6 2 1 3 1 8 7 3 3 2 5 1 1 8 1 10 4 0 1 0 2 
1 6 2 1 3 2 8 5 3 5 2 3 1 2 8 1 10 3 0 1 0 3 
1 7 2 1 3 2 8 3 10 3 8 3 3 1 2 1 1 2 8 1 10 2 0 2 0 4 
1 8 2 1 3 3 8 1 10 2 2 5 1 2 10 1 0 3 0 6 
1 9 2 1 8 2 10 2 2 6 1 1 10 1 0 2 0 8 
1 10 8 2 10 2 1 5 0 2 0 11 
8 12 10 1 0 6 0 13 
10 13 0 5 0 14 
10 14 0 3 0 15 
0 32 
0 32 
0 32 
0 32 
0 32 
0 32 
0 32 
0 32 
0 32 
1 12 0 7 1 3 0 4 0 6 
1 10 2 2 3 1 2 5 1 1 0 1 1 1 2 1 3 1 2 2 1 1 0 1 0 5 
1 9 2 1 3 1 4 3 3 3 1 3 2 1 3 1 2 4 1 1 0 1 0 4 
1 3 0 5 1 1 3 1 4 3 3 5 2 3 3 2 1 4 0 1 0 4 
1 2 2 1 3 1 2 3 1 1 3 1 4 5 3 2 1 4 5 1 3 1 2 1 3 1 1 3 0 1 0 4 
1 1 2 1 3 1 2 5 3 1 1 8 5 1 3 1 5 1 6 1 3 1 2 2 3 1 2 1 1 1 0 1 0 4 
1 1 3 1 5 15 6 1 3 1 5 1 6 1 3 1 2 3 1 1 0 1 0 5 
1 1 3 1 5 15 6 1 3 1 7 2 5 1 3 1 1 2 0 1 0 6 
1 1 2 1 3 1 7 15 5 1 3 1 7 1 3 2 1 2 0 1 0 6 
1 2 2 1 3 2 7 13 3 2 1 1 7 1 3 1 1 2 0 1 0 6 
1 3 2 1 3 3 1 11 7 1 3 1 2 3 3 1 1 1 0 1 8 1 0 3 0 2 
1 5 3 1 2 10 3 2 1 7 8 1 10 4 0 1 
1 5 2 1 3 1 1 14 3 1 2 2 1 1 8 1 10 4 0 1 
1 5 2 1 3 1 1 17 8 1 10 4 0 1 0 2 
1 6 2 1 3 1 8 6 3 3 2 6 1 1 8 1 10 3 0 1 0 3 
1 6 2 1 3 2 8 4 3 5 2 4 1 1 8 1 10 2 0 2 0 4 
1 7 2 1 3 2 8 2 10 3 8 3 3 1 2 2 1 1 10 1 0 3 0 6 
1 8 2 1 3 2 8 1 10 2 2 5 3 1 1 1 10 1 0 2 0 8 
1 9 2 1 8 1 10 2 2 6 1 1 0 1 0 11 
1 10 8 1 10 2 1 5 0 2 0 12 
8 11 10 1 0 6 0 14 
10 12 0 5 0 15 
10 13 0 3 0 16 

firstjmp
8
32
31
0 32 
0 32 
0 32 
0 32 
0 32 
0 32 
0 32 
1 12 0 7 0 13 
1 6 2 6 3 1 2 5 1 1 0 2 0 11 
1 5 2 1 3 1 2 3 3 1 4 3 3 3 2 3 1 1 0 1 0 10 
1 4 2 1 3 1 2 5 3 1 4 1 3 5 1 1 5 1 2 1 1 1 0 1 0 9 
1 4 3 1 2 6 3 1 4 2 3 3 5 2 6 1 3 1 5 1 2 1 0 1 0 8 
1 4 3 1 5 14 6 1 3 1 5 1 6 1 2 1 0 1 0 7 
1 4 2 1 3 1 7 14 5 1 3 1 7 1 5 1 0 1 0 7 
1 5 2 1 3 2 7 12 3 2 7 1 1 2 0 1 0 6 
1 5 2 1 3 3 1 11 7 1 3 1 1 1 7 1 1 1 0 1 0 6 
1 5 3 1 2 12 3 2 1 5 0 1 0 6 
1 5 3 1 2 16 3 1 1 2 0 1 0 6 
1 5 3 1 10 16 3 1 1 2 0 1 0 6 
1 5 2 1 3 1 2 17 1 1 0 1 0 6 
1 5 2 1 3 1 2 17 1 1 0 1 0 6 
1 6 2 1 3 1 2 15 1 1 10 1 8 1 0 3 0 3 
1 6 2 1 3 2 2 13 1 2 10 1 8 1 0 4 0 2 
8 5 2 3 3 2 2 11 1 2 10 1 8 1 0 5 0 2 
8 4 9 1 8 1 2 3 3 3 2 7 1 3 10 1 8 1 10 4 0 1 0 3 
8 3 9 1 8 1 10 4 2 1 1 11 10 1 8 1 10 2 0 3 0 4 
8 2 10 7 1 1 2 2 1 7 10 2 0 4 0 7 
8 2 10 6 0 2 1 2 10 7 0 3 0 10 
8 1 10 6 0 2 0 23 
10 1 8 1 10 4 0 2 0 24 
10 1 0 6 0 25 
0 32 
0 32 
0 32 
0 32 
0 32 
1 13 0 4 0 15 
1 12 2 1 3 1 2 2 1 1 0 1 0 14 
1 11 2 1 3 1 4 1 3 2 2 1 1 1 0 3 0 11 
1 9 2 2 3 1 2 6 1 3 0 1 0 10 
1 8 2 1 3 1 2 1 3 1 2 6 3 1 2 1 1 2 0 1 0 9 
1 7 2 1 3 1 2 2 3 1 2 6 3 1 2 2 1 1 0 1 0 9 
1 6 2 1 3 1 2 4 3 1 2 4 3 1 1 4 0 1 0 9 
1 5 2 1 3 1 2 15 1 1 0 1 0 8 
1 5 3 1 1 17 0 1 0 8 
1 4 2 1 3 1 2 17 1 1 0 1 0 7 
1 4 3 1 1 19 0 1 0 7 
1 4 3 1 1 19 0 1 0 7 
1 4 3 1 1 17 5 1 1 1 0 1 0 7 
1 4 3 1 5 17 6 1 1 1 0 1 0 7 
1 4 2 1 3 1 1 15 5 1 6 1 1 1 0 1 0 7 
1 4 2 1 3 1 7 15 5 1 2 1 1 1 0 1 0 7 
10 3 8 1 2 2 3 1 2 11 3 1 1 1 7 1 1 2 0 1 0 8 
10 2 8 1 2 4 3 1 2 11 7 1 2 2 1 1 0 1 0 8 
10 2 8 1 2 5 3 1 2 11 1 2 0 1 0 9 
10 2 8 1 2 7 3 1 2 7 1 1 2 1 1 1 0 1 0 10 
10 3 8 1 2 8 1 8 0 1 0 11 
10 3 8 1 9 7 8 1 2 1 1 5 0 2 0 12 
10 4 8 1 9 7 8 1 1 1 0 4 0 14 
10 5 8 2 10 6 0 3 0 16 
10 7 8 2 10 3 8 2 10 1 0 1 0 16 
10 9 0 6 0 17 
0 32 
0 32 
0 32 
0 32 
0 32 
0 32 
0 32 
1 11 0 7 0 14 
1 9 2 2 3 1 2 5 1 1 0 2 0 12 
1 8 2 1 3 1 4 3 3 3 2 3 1 1 0 1 0 11 
1 7 2 1 3 1 4 3 3 5 2 3 1 1 0 1 0 10 
1 6 2 1 3 1 4 5 3 3 2 2 1 4 0 1 0 9 
1 5 2 1 3 1 2 10 3 1 2 4 1 1 0 1 0 8 
1 5 3 1 2 10 3 1 1 6 0 1 0 8 
1 4 2 1 3 1 2 17 1 1 0 1 0 7 
1 4 2 1 3 1 2 17 1 1 0 1 0 7 
8 4 2 2 3 1 2 15 1 2 0 1 0 7 
8 3 3 4 2 14 3 2 1 1 0 1 0 7 
8 3 3 4 2 12 3 3 1 2 0 1 0 7 
8 3 2 4 3 1 2 15 1 1 0 1 0 7 
10 3 8 1 3 4 2 15 1 1 0 1 0 7 
10 3 8 1 3 4 2 7 3 1 2 6 1 1 0 1 0 8 
10 4 8 1 2 3 3 1 2 6 3 1 2 2 5 1 1 2 2 1 1 1 0 1 0 8 
10 4 8 1 2 4 3 1 1 6 7 1 6 2 5 2 1 1 0 1 0 9 
10 4 8 1 2 4 3 2 2 4 7 1 5 2 2 1 1 2 0 1 0 10 
10 5 8 1 2 4 1 10 0 1 0 11 
10 5 8 1 2 4 1 4 2 1 1 3 0 2 0 12 
10 6 8 1 10 2 1 2 0 7 0 14 
10 7 0 6 0 19 
10 9 0 3 0 20 
0 32 
0 32 
0 32 
0 32 
0 32 
0 32 
0 32 
0 32 
1 11 0 7 0 14 
8 7 1 2 2 2 3 1 2 5 1 1 0 2 0 12 
8 4 10 5 2 1 3 1 4 2 3 3 2 3 1 1 0 1 0 11 
8 1 10 7 2 1 3 1 4 2 3 5 2 3 1 1 0 1 0 10 
10 7 2 1 3 1 4 4 3 3 2 5 1 1 0 1 0 9 
10 5 2 2 3 1 2 14 1 1 0 1 0 8 
10 3 2 3 3 1 1 16 0 1 0 8 
1 4 2 1 3 1 2 17 1 1 0 1 0 7 
10 2 1 2 2 1 3 1 1 18 0 1 0 7 
1 4 3 1 1 19 0 1 0 7 
1 4 3 1 2 11 3 3 1 5 0 1 0 7 
1 4 3 1 2 14 3 1 1 4 0 1 0 7 
1 4 2 1 3 1 2 14 3 1 2 2 1 1 0 1 0 7 
1 4 2 1 3 1 2 3 3 1 2 3 3 1 2 6 3 1 2 2 1 1 0 1 0 7 
1 5 2 1 3 1 2 1 3 2 2 3 3 1 2 6 3 1 2 1 1 1 0 1 0 8 
1 5 2 2 3 2 2 4 3 2 2 4 1 4 0 1 0 8 
1 6 2 1 7 1 1 1 3 1 2 4 1 8 0 1 0 9 
1 7 7 1 1 3 3 1 2 3 1 6 0 1 0 10 
1 8 7 1 5 1 1 3 2 1 1 6 0 1 0 11 
1 9 2 1 6 1 5 2 2 1 1 4 0 2 0 12 
1 11 0 7 0 14 
0 32 
0 32 
0 32 
10 8 0 4 0 20 
10 7 8 1 10 2 0 3 0 19 
10 6 8 2 10 3 0 3 0 18 
10 6 8 2 10 3 0 3 0 18 
10 6 8 2 10 4 0 3 0 17 
10 6 8 3 10 3 0 3 0 17 
10 7 8 2 10 4 0 3 0 16 
10 7 8 3 10 3 1 3 0 1 0 15 
1 8 10 2 8 1 10 3 2 2 1 1 0 2 0 13 
1 7 2 1 3 1 2 1 10 1 2 4 3 1 2 2 1 1 0 1 0 12 
1 6 2 1 3 1 2 11 1 1 0 1 0 11 
1 5 2 1 3 1 2 13 1 1 0 1 0 10 
1 4 2 1 3 1 2 15 1 1 0 1 0 9 
1 4 3 1 1 17 0 1 0 9 
1 3 3 2 2 17 1 1 0 1 0 8 
1 3 3 1 1 19 0 1 0 8 
1 3 3 1 2 2 3 2 1 15 0 1 0 8 
1 3 7 1 1 1 3 1 2 5 3 1 2 4 3 1 1 6 0 1 0 8 
1 3 7 1 3 2 2 4 3 1 2 6 3 1 1 5 0 1 0 8 
1 3 5 1 7 1 3 1 2 4 3 1 2 6 3 1 2 4 1 1 0 1 0 8 
1 3 6 1 5 1 3 1 2 4 3 1 2 6 3 1 2 4 1 1 0 1 0 8 
6 4 5 1 3 1 2 4 3 2 2 4 3 2 2 3 1 1 0 1 0 9 
5 4 1 1 2 1 3 1 2 4 3 6 2 3 1 2 0 1 0 9 
1 5 2 1 3 2 2 4 3 4 2 3 1 2 0 1 0 10 
1 6 2 1 3 3 2 7 1 3 0 1 0 11 
1 7 2 1 1 11 0 1 0 12 
1 8 2 2 1 7 0 2 0 13 
1 10 0 7 0 15 
0 32 
0 32 
0 32 
0 32 
0 32 
0 32 
0 32 
0 32 
0 32 
0 32 
1 10 0 8 0 14 
5 8 6 1 5 2 7 1 3 2 2 1 1 3 0 2 0 12 
1 7 5 2 7 2 1 2 3 1 1 2 2 1 3 1 2 1 1 1 0 1 0 11 
1 6 2 1 5 1 6 1 5 2 7 1 3 2 2 6 1 1 0 1 0 10 
1 3 2 3 3 1 1 1 5 1 7 2 1 2 3 1 2 7 1 1 0 1 0 9 
1 2 2 1 3 2 2 9 3 1 2 7 1 1 0 1 0 8 
1 1 2 1 3 6 2 6 3 1 1 8 10 1 0 4 0 4 
1 1 2 1 3 1 2 5 3 1 2 14 1 1 10 1 0 6 
1 1 3 1 2 21 8 1 10 6 0 1 
1 1 3 1 2 20 8 1 10 8 
1 1 3 1 2 20 8 1 10 8 
1 1 2 1 3 1 2 5 3 1 2 13 8 1 10 8 
1 2 2 1 3 6 2 13 10 1 8 1 0 7 
1 3 2 1 3 4 2 15 10 1 0 7 
1 4 2 1 3 1 2 16 1 1 0 1 0 8 
1 4 2 1 3 2 2 14 1 2 0 1 0 8 
1 5 2 1 3 2 2 12 1 2 0 1 0 9 
1 6 2 1 3 3 2 8 1 3 0 1 0 10 
1 7 2 1 1 12 0 1 0 11 
1 8 2 2 1 8 0 2 0 12 
1 10 0 8 0 14 
0 32 
0 32 
0 32 
0 32 
0 32 
0 32 
0 32 
0 32 
1 9 0 4 1 2 0 4 0 13 
1 8 2 1 3 1 2 2 1 1 2 2 3 3 1 1 0 1 0 12 
1 7 2 1 3 1 4 1 3 2 2 1 3 2 2 3 1 2 0 1 0 11 
1 7 3 1 2 6 3 1 4 1 3 1 1 3 0 1 0 11 
1 7 3 1 1 10 5 1 3 1 1 1 0 1 0 10 
1 6 2 1 3 2 5 9 6 1 3 1 5 1 3 1 0 1 0 9 
1 5 2 1 3 1 2 1 3 2 5 8 6 1 3 1 5 1 6 1 2 1 0 1 0 8 
1 5 3 1 7 13 5 1 3 1 7 1 5 1 0 1 0 8 
1 4 2 1 3 1 7 13 3 2 7 1 1 2 0 1 0 7 
1 4 3 1 1 14 7 1 3 1 1 1 7 1 1 1 0 1 0 7 
1 4 3 1 2 12 3 2 1 5 0 1 0 7 
1 4 3 1 1 19 0 1 0 7 
1 4 3 1 1 16 3 1 1 2 0 1 0 7 
1 4 2 1 3 1 2 17 1 1 0 1 0 7 
1 4 2 1 3 1 2 17 1 1 0 1 0 7 
1 5 2 1 3 1 2 15 1 1 0 1 0 8 
1 5 2 1 3 2 2 13 1 2 0 1 0 8 
1 6 2 1 8 1 2 3 3 1 2 8 1 2 0 1 0 9 
8 7 2 5 3 1 2 5 1 3 0 1 0 10 
8 7 10 5 2 1 1 7 0 1 0 11 
8 6 10 6 2 1 1 5 0 2 0 12 
8 6 10 5 8 2 1 1 0 4 0 14 
8 6 10 5 8 2 10 3 0 1 0 15 
8 6 10 4 8 2 10 3 0 1 0 16 
10 6 8 1 10 2 8 4 10 1 0 2 0 16 
10 7 0 3 10 2 0 3 0 17 
0 32 
0 32 
0 32 
0 32 
0 32 
0 32 
0 32 
1 6 0 4 1 9 0 4 0 9 
1 5 2 1 3 1 2 2 1 1 0 1 1 1 3 7 4 1 3 1 2 1 1 1 0 1 0 8 
1 4 2 1 3 1 4 1 3 2 2 1 1 1 2 1 3 1 2 6 3 2 2 2 1 1 0 1 0 7 
1 4 3 1 2 6 3 1 4 2 3 3 2 4 3 1 1 2 0 1 0 7 
1 4 3 1 4 8 3 5 2 4 3 1 1 1 0 1 0 7 
1 4 2 1 3 1 4 8 3 3 2 6 1 1 0 1 0 7 
1 5 2 1 3 1 1 17 0 1 0 7 
1 6 2 1 3 1 1 11 5 1 3 1 1 1 5 1 1 1 0 1 0 7 
1 5 3 1 5 13 6 1 2 1 5 1 6 1 2 1 1 1 0 1 0 6 
1 5 3 1 5 13 6 1 2 1 5 1 6 1 3 1 1 1 0 1 0 6 
1 5 3 1 7 13 5 1 2 1 7 1 5 1 3 1 1 1 0 1 0 6 
1 5 3 1 7 13 2 2 7 1 3 2 1 1 0 1 0 6 
1 5 3 1 1 13 7 1 3 1 1 1 7 1 3 1 1 1 0 1 0 6 
1 5 2 1 3 1 2 10 3 2 2 5 1 1 0 1 0 6 
1 5 2 1 3 1 2 17 1 1 0 1 0 6 
10 5 1 1 2 1 3 1 1 13 3 1 2 1 1 1 0 1 0 7 
10 5 1 1 2 1 3 2 2 13 1 2 0 1 0 7 
10 4 1 3 2 1 3 2 2 11 1 2 0 1 0 8 
10 4 8 1 10 1 1 2 2 1 3 3 2 7 1 3 0 1 0 9 
10 3 8 2 10 2 1 2 2 1 1 11 0 1 0 10 
10 3 8 1 10 4 1 2 2 2 1 7 0 2 0 11 
10 3 8 1 10 4 8 2 1 2 0 7 0 13 
10 3 8 1 10 3 8 2 10 3 0 2 0 18 
10 3 8 2 10 1 8 4 10 1 0 2 0 19 

multijmp
4
32
32
0 32 
0 32 
0 32 
0 32 
0 32 
1 8 0 4 1 8 0 4 0 8 
1 7 2 1 3 1 2 2 1 1 0 1 1 6 3 1 2 3 1 1 0 1 0 7 
1 6 2 1 3 1 2 4 1 1 2 6 3 3 2 2 1 1 0 1 0 6 
1 6 3 1 2 6 3 1 2 7 3 3 1 1 0 1 0 6 
1 6 3 1 4 8 3 3 1 1 5 1 3 1 1 1 2 1 1 2 0 1 0 6 
1 6 2 1 3 1 4 6 3 4 5 1 6 1 3 1 5 1 3 1 2 1 1 1 0 1 0 6 
2 7 3 2 4 6 3 3 5 1 6 1 3 1 5 1 6 1 1 1 0 1 0 7 
1 7 2 1 3 2 7 10 5 1 3 1 7 1 5 1 1 1 0 1 0 6 
1 7 3 1 7 12 3 2 7 1 1 2 0 1 0 6 
1 6 2 1 3 1 1 12 7 1 3 1 1 1 7 1 2 1 1 1 0 1 0 5 
1 6 3 1 2 11 3 2 2 2 3 1 2 1 1 1 0 2 0 5 
1 6 3 1 2 16 3 1 2 2 1 1 0 1 0 4 
1 6 3 1 2 16 3 1 1 3 0 1 0 4 
1 6 3 1 1 20 0 1 0 4 
1 6 3 1 1 20 0 1 0 4 
1 6 2 1 3 1 2 18 1 1 0 1 0 4 
10 5 1 1 2 1 3 1 2 18 1 1 0 1 0 4 
10 5 1 2 2 1 3 1 2 16 1 1 0 1 0 5 
10 5 1 2 2 1 3 2 2 14 1 2 0 1 0 5 
10 5 8 1 10 1 1 1 2 1 3 2 2 12 1 2 0 1 0 6 
10 5 8 1 10 1 1 2 2 1 3 3 2 8 1 3 0 1 0 7 
10 5 8 1 10 2 1 2 2 1 1 12 0 1 0 8 
10 5 8 2 10 2 1 2 2 2 1 8 0 2 0 9 
10 6 8 1 10 3 1 3 0 8 0 11 
10 6 8 2 10 3 8 2 10 3 0 2 0 14 
10 7 8 2 10 1 8 4 10 1 0 2 0 15 
10 8 0 3 10 2 0 3 0 16 
0 32 
0 32 
0 32 
0 32 
0 32 
0 32 
0 32 
1 14 0 7 0 11 
1 12 2 2 3 1 2 5 1 1 0 2 0 9 
1 11 2 1 3 1 4 3 3 3 1 1 5 1 2 1 1 1 0 1 0 8 
1 7 2 4 3 1 4 3 3 4 5 1 6 1 3 1 5 1 2 1 0 1 0 7 
1 6 2 1 3 1 2 3 3 1 4 4 3 3 5 1 6 1 3 1 5 1 6 1 1 1 0 1 0 6 
1 5 2 1 3 1 7 14 5 1 3 1 7 1 5 1 1 1 0 1 0 5 
1 5 3 1 7 15 3 2 7 1 1 2 0 1 0 5 
1 5 3 1 1 15 7 1 3 1 1 1 7 1 2 1 1 1 0 1 0 4 
1 5 2 1 3 1 2 12 3 2 2 2 3 1 2 1 1 1 0 2 0 4 
1 6 2 1 3 3 2 14 3 1 2 2 1 1 0 1 0 3 
1 6 2 1 3 4 2 13 3 1 1 3 0 1 0 3 
1 6 2 1 3 1 1 20 0 1 0 3 
1 6 3 1 1 21 0 1 0 3 
1 6 2 1 3 1 2 19 1 1 0 1 0 3 
10 5 1 1 2 1 3 1 2 19 1 1 0 1 0 3 
10 5 1 2 2 1 3 1 2 17 1 1 0 1 0 4 
10 5 1 2 2 1 3 2 2 15 1 2 0 1 0 4 
10 5 8 1 10 1 1 1 2 1 3 2 2 13 1 2 0 1 0 5 
10 5 8 1 10 1 1 2 2 1 3 2 2 11 1 2 0 1 0 6 
10 5 8 1 10 2 1 2 2 1 3 3 2 7 1 3 0 1 0 7 
10 5 8 2 10 2 1 2 2 1 1 11 0 1 0 8 
10 6 8 1 10 3 1 2 2 2 1 7 0 2 0 9 
10 6 8 2 10 3 8 2 1 1 0 7 0 11 
10 7 8 2 10 1 8 4 10 1 0 2 0 15 
10 8 0 3 10 2 0 3 0 16 
0 32 
0 32 
0 32 
0 32 
0 32 
0 32 
1 13 0 7 0 12 
1 11 2 2 3 1 2 5 1 1 0 2 0 10 
1 10 2 1 3 1 4 3 3 3 1 2 5 1 2 1 1 1 0 1 0 8 
1 9 2 1 3 1 4 3 3 5 5 1 6 1 3 1 5 1 3 1 0 1 0 7 
1 8 2 1 3 1 4 5 3 3 5 2 6 1 3 1 5 1 6 1 0 1 0 7 
1 7 2 1 3 1 7 12 5 1 3 1 7 1 5 1 0 1 0 6 
1 6 2 1 3 1 7 13 3 2 7 1 1 2 0 1 0 5 
1 6 3 1 1 14 7 1 3 1 1 1 7 1 2 1 1 1 0 1 0 4 
1 5 2 1 3 4 2 9 3 2 2 2 3 1 2 1 1 1 2 1 1 1 0 1 0 3 
1 5 2 1 3 1 2 17 3 1 2 2 1 1 0 1 0 3 
1 5 3 1 2 18 3 1 1 3 0 1 0 3 
1 5 3 1 1 22 0 1 0 3 
1 5 3 1 2 6 3 1 1 15 0 1 0 3 
1 5 2 1 3 1 2 4 3 2 1 15 0 1 0 3 
1 5 2 1 3 6 1 16 0 1 0 3 
10 4 1 1 2 1 3 5 2 16 1 1 0 1 0 3 
10 4 1 2 2 1 3 1 1 19 0 1 0 4 
10 4 1 2 2 1 3 2 2 17 1 1 0 1 0 4 
10 4 8 1 10 1 1 1 2 1 3 2 2 15 1 1 0 1 0 5 
10 4 8 1 10 1 1 2 2 1 3 2 2 12 1 3 0 1 0 5 
10 4 8 1 10 2 1 2 2 1 3 3 2 8 1 4 0 1 0 6 
10 4 8 2 10 2 1 2 2 1 1 12 0 2 0 7 
10 5 8 1 10 3 1 2 2 2 1 8 0 2 0 9 
10 5 8 2 10 3 8 2 1 1 0 8 0 11 
10 6 8 2 10 1 8 4 10 1 0 2 0 16 
10 7 0 3 10 2 0 3 0 17 
0 32 
0 32 
0 32 
0 32 
0 32 
0 32 
0 32 
1 8 0 4 1 9 0 4 0 7 
1 7 2 1 3 1 2 2 1 1 0 1 1 1 3 7 2 3 1 1 0 1 0 6 
1 6 2 1 3 1 2 4 1 1 2 1 3 1 2 6 3 2 2 2 1 1 0 1 0 5 
1 6 3 1 2 6 3 1 4 3 3 3 2 3 3 1 1 2 0 1 0 5 
1 6 3 1 4 9 3 5 2 3 3 1 1 1 0 1 0 5 
1 6 2 1 3 1 4 9 3 3 2 5 1 1 0 1 0 5 
1 7 2 1 3 1 1 17 0 1 0 5 
1 8 2 1 3 1 1 11 5 1 3 1 1 1 5 1 1 1 0 1 0 5 
1 7 2 1 3 1 5 12 6 1 2 1 5 1 6 1 2 1 1 1 0 1 0 4 
1 7 2 1 3 1 5 12 6 1 2 1 5 1 6 1 3 1 1 1 0 1 0 4 
1 7 3 1 7 13 5 1 2 1 7 1 5 1 3 1 1 1 0 1 0 4 
1 7 3 1 7 13 2 2 7 1 3 2 1 1 0 1 0 4 
1 7 3 1 1 13 7 1 3 1 1 1 7 1 3 1 1 1 0 1 0 4 
1 7 2 1 3 1 2 10 3 2 2 5 1 1 0 1 0 4 
1 7 2 1 3 1 2 17 1 1 0 1 0 4 
10 7 1 1 2 1 3 1 1 13 3 1 2 1 1 1 0 1 0 5 
10 7 1 1 2 1 3 2 2 13 1 2 0 1 0 5 
10 6 1 3 2 1 3 2 2 11 1 2 0 1 0 6 
10 6 8 1 10 1 1 2 2 1 3 3 2 7 1 3 0 1 0 7 
10 5 8 2 10 2 1 2 2 1 1 11 0 1 0 8 
10 5 8 1 10 4 1 2 2 2 1 7 0 2 0 9 
10 5 8 1 10 4 8 2 1 2 0 7 0 11 
10 5 8 1 10 3 8 2 10 3 0 2 0 16 
10 5 8 2 10 1 8 4 10 1 0 2 0 17 
10 6 0 3 10 2 0 3 0 18 

rest
7
32
32
0 32 
0 32 
0 32 
0 32 
0 32 
0 32 
0 32 
0 32 
0 32 
0 32 
1 13 0 7 0 12 
1 11 2 2 3 1 2 5 1 1 0 2 0 10 
1 10 2 1 3 1 4 3 3 3 2 3 1 1 0 1 0 9 
1 9 2 1 3 1 4 3 3 5 2 3 1 1 0 1 0 8 
1 8 2 1 3 1 4 5 3 3 2 5 1 1 0 1 0 7 
1 7 2 1 3 1 2 15 1 1 0 1 0 6 
1 7 3 1 1 10 5 1 3 1 1 2 5 1 3 1 1 1 0 1 0 6 
1 6 2 1 3 1 5 10 6 1 2 1 3 1 5 1 6 1 2 1 1 2 0 1 0 5 
1 6 3 1 5 11 6 1 2 1 3 1 5 1 6 1 2 1 3 1 1 1 0 1 0 5 
1 5 2 1 3 2 7 10 5 1 2 1 3 1 7 1 5 1 2 1 3 1 2 1 1 1 0 1 0 4 
1 4 2 1 3 1 7 12 2 2 3 1 7 1 2 2 3 1 2 1 1 2 0 1 0 3 
1 3 2 1 3 1 1 13 7 1 3 1 1 2 7 1 3 1 2 2 3 1 2 1 1 1 0 1 0 2 
1 3 3 1 2 12 3 2 2 6 3 3 1 2 0 1 0 2 
1 3 3 1 2 21 3 2 1 2 0 1 0 2 
1 3 2 1 3 1 2 4 3 1 1 10 3 1 2 3 3 2 2 2 1 1 0 1 0 2 
1 4 2 1 1 4 3 1 2 13 1 5 0 1 0 3 
1 5 2 5 3 1 2 11 1 2 0 4 0 4 
8 7 2 5 3 1 2 7 1 3 10 1 8 1 0 3 0 4 
8 6 9 2 8 2 2 3 1 9 10 1 8 1 9 3 8 1 0 1 0 3 
8 6 2 8 1 6 10 2 8 1 0 6 0 3 
10 6 8 1 10 6 1 1 10 6 8 2 10 6 0 1 0 3 
10 7 0 8 10 3 0 10 0 4 
0 32 
0 32 
0 32 
0 32 
0 32 
0 32 
0 32 
0 32 
0 32 
0 32 
1 13 0 7 0 12 
1 11 2 2 3 1 2 5 1 1 0 2 0 10 
1 10 2 1 3 1 4 3 3 3 2 3 1 1 0 1 0 9 
1 9 2 1 3 1 4 3 3 5 2 3 1 1 0 1 0 8 
1 8 2 1 3 1 4 5 3 3 2 5 1 1 0 1 0 7 
1 7 2 1 3 1 2 15 1 1 0 1 0 6 
1 7 3 1 1 9 2 4 1 1 0 4 0 6 
1 6 2 1 3 1 5 10 6 1 2 1 3 1 5 1 6 1 2 1 1 2 0 1 0 5 
1 6 3 1 5 11 6 1 2 1 3 1 5 1 6 1 2 1 3 1 1 1 0 1 0 5 
1 5 2 1 3 2 7 10 5 1 2 1 3 1 7 1 5 1 2 1 3 1 2 1 1 1 0 1 0 4 
1 4 2 1 3 1 7 12 2 2 3 1 7 1 2 2 3 1 2 1 1 2 0 1 0 3 
1 3 2 1 3 1 1 13 7 1 3 1 1 2 7 1 3 1 2 2 3 1 2 1 1 1 0 1 0 2 
1 3 3 1 2 12 3 2 2 6 3 3 1 2 0 1 0 2 
1 3 3 1 2 21 3 2 1 2 0 1 0 2 
1 3 2 1 3 1 2 4 3 1 1 10 3 1 2 3 3 2 2 2 1 1 0 1 0 2 
1 4 2 1 1 4 3 1 2 13 1 5 0 1 0 3 
1 5 2 5 3 1 2 11 1 2 0 4 0 4 
8 7 2 5 3 1 2 7 1 3 10 1 8 1 0 3 0 4 
8 6 9 2 8 2 2 3 1 9 10 1 8 1 9 3 8 1 0 1 0 3 
8 6 2 8 1 6 10 2 8 1 0 6 0 3 
10 6 8 1 10 6 1 1 10 6 8 2 10 6 0 1 0 3 
10 7 0 8 10 3 0 10 0 4 
0 32 
0 32 
0 32 
0 32 
0 32 
0 32 
0 32 
0 32 
0 32 
0 32 
1 13 0 7 0 12 
1 11 2 2 3 1 2 5 1 1 0 2 0 10 
1 10 2 1 3 1 4 3 3 3 2 3 1 1 0 1 0 9 
1 9 2 1 3 1 4 3 3 5 2 3 1 1 0 1 0 8 
1 8 2 1 3 1 4 5 3 3 2 5 1 1 0 1 0 7 
1 7 2 1 3 1 2 15 1 1 0 1 0 6 
1 7 3 1 1 17 0 1 0 6 
1 6 2 1 3 1 1 9 2 4 1 1 2 3 1 1 0 1 0 5 
1 6 3 1 5 11 6 1 2 1 3 1 5 1 6 1 2 1 3 1 1 1 0 1 0 5 
1 5 2 1 3 2 7 10 5 1 2 1 3 1 7 1 5 1 2 1 3 1 2 1 1 1 0 1 0 4 
1 4 2 1 3 1 7 12 2 2 3 1 7 1 2 2 3 1 2 1 1 2 0 1 0 3 
1 3 2 1 3 1 2 21 3 1 2 1 1 1 0 1 0 2 
1 3 3 1 2 12 3 2 2 6 3 3 1 2 0 1 0 2 
1 3 3 1 2 21 3 2 1 2 0 1 0 2 
1 3 2 1 3 1 2 4 3 1 1 10 3 1 2 3 3 2 2 2 1 1 0 1 0 2 
1 4 2 1 1 4 3 1 2 13 1 5 0 1 0 3 
1 5 2 5 3 1 2 11 1 2 0 4 0 4 
8 7 2 5 3 1 2 7 1 3 10 1 8 1 0 3 0 4 
8 6 9 2 8 2 2 3 1 9 10 1 8 1 9 3 8 1 0 1 0 3 
8 6 2 8 1 6 10 2 8 1 0 6 0 3 
10 6 8 1 10 6 1 1 10 6 8 2 10 6 0 1 0 3 
10 7 0 8 10 3 0 10 0 4 
0 32 
0 32 
0 32 
0 32 
0 32 
0 32 
0 32 
0 32 
0 32 
0 32 
1 13 0 7 0 12 
1 11 2 2 3 1 2 5 1 1 0 2 0 10 
1 10 2 1 3 1 4 3 3 3 2 3 1 1 0 1 0 9 
1 9 2 1 3 1 4 3 3 5 2 3 1 1 0 1 0 8 
1 8 2 1 3 1 4 5 3 3 2 5 1 1 0 1 0 7 
1 7 2 1 3 1 2 15 1 1 0 1 0 6 
1 7 3 1 1 17 0 1 0 6 
1 6 2 1 3 1 2 17 1 1 0 1 0 5 
1 6 3 1 1 19 0 1 0 5 
1 5 2 1 3 2 2 8 1 1 2 4 1 1 3 3 2 1 1 1 0 1 0 4 
1 4 2 1 3 1 2 20 1 2 0 1 0 3 
1 3 2 1 3 1 2 21 3 1 2 1 1 1 0 1 0 2 
1 3 3 1 2 12 3 2 2 6 3 3 1 2 0 1 0 2 
1 3 3 1 2 21 3 2 1 2 0 1 0 2 
1 3 2 1 3 1 2 4 3 1 1 10 3 1 2 3 3 2 2 2 1 1 0 1 0 2 
1 4 2 1 1 4 3 1 2 13 1 5 0 1 0 3 
1 5 2 5 3 1 2 11 1 2 0 4 0 4 
8 7 2 5 3 1 2 7 1 3 10 1 8 1 0 3 0 4 
8 6 9 2 8 2 2 3 1 9 10 1 8 1 9 3 8 1 0 1 0 3 
8 6 2 8 1 6 10 2 8 1 0 6 0 3 
10 6 8 1 10 6 1 1 10 6 8 2 10 6 0 1 0 3 
10 7 0 8 10 3 0 10 0 4 
0 32 
0 32 
0 32 
0 32 
0 32 
0 32 
0 32 
0 32 
0 32 
0 32 
1 13 0 7 0 12 
1 11 2 2 3 1 2 5 1 1 0 2 0 10 
1 10 2 1 3 1 4 3 3 3 2 3 1 1 0 1 0 9 
1 9 2 1 3 1 4 3 3 5 2 3 1 1 0 1 0 8 
1 8 2 1 3 1 4 5 3 3 2 5 1 1 0 1 0 7 
1 7 2 1 3 1 2 15 1 1 0 1 0 6 
1 7 3 1 1 17 0 1 0 6 
1 6 2 1 3 1 1 9 2 4 1 1 2 3 1 1 0 1 0 5 
1 6 3 1 5 11 6 1 2 1 3 1 5 1 6 1 2 1 3 1 1 1 0 1 0 5 
1 5 2 1 3 2 7 10 5 1 2 1 3 1 7 1 5 1 2 1 3 1 2 1 1 1 0 1 0 4 
1 4 2 1 3 1 7 12 2 2 3 1 7 1 2 2 3 1 2 1 1 2 0 1 0 3 
1 3 2 1 3 1 2 21 3 1 2 1 1 1 0 1 0 2 
1 3 3 1 2 12 3 2 2 6 3 3 1 2 0 1 0 2 
1 3 3 1 2 21 3 2 1 2 0 1 0 2 
1 3 2 1 3 1 2 4 3 1 1 10 3 1 2 3 3 2 2 2 1 1 0 1 0 2 
1 4 2 1 1 4 3 1 2 13 1 5 0 1 0 3 
1 5 2 5 3 1 2 11 1 2 0 4 0 4 
8 7 2 5 3 1 2 7 1 3 10 1 8 1 0 3 0 4 
8 6 9 2 8 2 2 3 1 9 10 1 8 1 9 3 8 1 0 1 0 3 
8 6 2 8 1 6 10 2 8 1 0 6 0 3 
10 6 8 1 10 6 1 1 10 6 8 2 10 6 0 1 0 3 
10 7 0 8 10 3 0 10 0 4 
0 32 
0 32 
0 32 
0 32 
0 32 
0 32 
0 32 
0 32 
0 32 
0 32 
1 13 0 7 0 12 
1 11 2 2 3 1 2 5 1 1 0 2 0 10 
1 10 2 1 3 1 4 3 3 3 2 3 1 1 0 1 0 9 
1 9 2 1 3 1 4 3 3 5 2 3 1 1 0 1 0 8 
1 8 2 1 3 1 4 5 3 3 2 5 1 1 0 1 0 7 
1 7 2 1 3 1 2 15 1 1 0 1 0 6 
1 7 3 1 1 9 2 4 1 1 0 4 0 6 
1 6 2 1 3 1 5 10 6 1 2 1 3 1 5 1 6 1 2 1 1 2 0 1 0 5 
1 6 3 1 5 11 6 1 2 1 3 1 5 1 6 1 2 1 3 1 1 1 0 1 0 5 
1 5 2 1 3 2 7 10 5 1 2 1 3 1 7 1 5 1 2 1 3 1 2 1 1 1 0 1 0 4 
1 4 2 1 3 1 7 12 2 2 3 1 7 1 2 2 3 1 2 1 1 2 0 1 0 3 
1 3 2 1 3 1 1 13 7 1 3 1 1 2 7 1 3 1 2 2 3 1 2 1 1 1 0 1 0 2 
1 3 3 1 2 12 3 2 2 6 3 3 1 2 0 1 0 2 
1 3 3 1 2 21 3 2 1 2 0 1 0 2 
1 3 2 1 3 1 2 4 3 1 1 10 3 1 2 3 3 2 2 2 1 1 0 1 0 2 
1 4 2 1 1 4 3 1 2 13 1 5 0 1 0 3 
1 5 2 5 3 1 2 11 1 2 0 4 0 4 
8 7 2 5 3 1 2 7 1 3 10 1 8 1 0 3 0 4 
8 6 9 2 8 2 2 3 1 9 10 1 8 1 9 3 8 1 0 1 0 3 
8 6 2 8 1 6 10 2 8 1 0 6 0 3 
10 6 8 1 10 6 1 1 10 6 8 2 10 6 0 1 0 3 
10 7 0 8 10 3 0 10 0 4 
0 32 
0 32 
0 32 
0 32 
0 32 
0 32 
0 32 
0 32 
0 32 
0 32 
1 13 0 7 0 12 
1 11 2 2 3 1 2 5 1 1 0 2 0 10 
1 10 2 1 3 1 4 3 3 3 2 3 1 1 0 1 0 9 
1 9 2 1 3 1 4 3 3 5 2 3 1 1 0 1 0 8 
1 8 2 1 3 1 4 5 3 3 2 5 1 1 0 1 0 7 
1 7 2 1 3 1 2 15 1 1 0 1 0 6 
1 7 3 1 1 10 5 1 3 1 1 2 5 1 3 1 1 1 0 1 0 6 
1 6 2 1 3 1 5 10 6 1 2 1 3 1 5 1 6 1 2 1 1 2 0 1 0 5 
1 6 3 1 5 11 6 1 2 1 3 1 5 1 6 1 2 1 3 1 1 1 0 1 0 5 
1 5 2 1 3 2 7 10 5 1 2 1 3 1 7 1 5 1 2 1 3 1 2 1 1 1 0 1 0 4 
1 4 2 1 3 1 7 12 2 2 3 1 7 1 2 2 3 1 2 1 1 2 0 1 0 3 
1 3 2 1 3 1 1 13 7 1 3 1 1 2 7 1 3 1 2 2 3 1 2 1 1 1 0 1 0 2 
1 3 3 1 2 12 3 2 2 6 3 3 1 2 0 1 0 2 
1 3 3 1 2 21 3 2 1 2 0 1 0 2 
1 3 2 1 3 1 2 4 3 1 1 10 3 1 2 3 3 2 2 2 1 1 0 1 0 2 
1 4 2 1 1 4 3 1 2 13 1 5 0 1 0 3 
1 5 2 5 3 1 2 11 1 2 0 4 0 4 
8 7 2 5 3 1 2 7 1 3 10 1 8 1 0 3 0 4 
8 6 9 2 8 2 2 3 1 9 10 1 8 1 9 3 8 1 0 1 0 3 
8 6 2 8 1 6 10 2 8 1 0 6 0 3 
10 6 8 1 10 6 1 1 10 6 8 2 10 6 0 1 0 3 
10 7 0 8 10 3 0 10 0 4 

slow
5
32
32
0 32 
0 32 
0 32 
0 32 
0 32 
0 32 
0 32 
0 32 
0 32 
0 32 
1 12 0 7 0 13 
1 10 2 2 3 1 2 5 1 1 0 2 0 11 
1 9 2 1 3 1 4 3 3 3 2 3 1 1 0 1 0 10 
1 8 2 1 3 1 4 3 3 5 2 3 1 1 0 1 0 9 
1 7 2 1 3 1 4 5 3 3 2 5 1 1 0 1 0 8 
1 6 2 1 3 1 2 15 1 1 0 1 0 7 
1 6 3 1 1 12 5 1 3 1 1 1 5 1 1 1 0 1 0 7 
1 5 2 1 3 1 2 1 3 4 5 7 6 1 2 1 5 1 6 1 2 1 1 1 0 1 0 6 
1 5 3 1 2 1 3 1 2 4 3 1 5 6 6 1 2 1 5 1 6 1 2 1 1 1 0 1 0 6 
1 5 2 1 3 1 7 12 5 1 2 1 7 1 5 1 2 1 1 1 0 1 0 6 
1 5 2 1 3 1 7 12 2 2 7 1 2 2 1 1 0 1 0 6 
1 5 2 1 3 1 1 12 7 1 3 1 1 1 7 1 3 1 1 1 0 1 0 6 
1 5 2 1 3 2 2 4 3 1 2 4 3 2 2 5 1 1 0 1 0 6 
1 5 2 1 3 7 2 11 1 1 0 1 0 6 
1 6 2 1 3 5 1 9 3 1 2 1 1 1 0 1 0 7 
1 6 2 1 3 2 2 13 1 2 0 1 0 7 
1 7 8 1 2 4 3 1 2 8 1 2 0 1 0 8 
8 7 9 2 8 2 2 3 3 1 2 4 1 3 10 1 8 1 0 1 0 7 
8 7 10 7 2 1 1 6 10 1 8 1 9 1 8 1 0 1 0 6 
10 7 8 1 10 7 2 1 1 3 10 2 8 1 0 4 0 6 
10 8 8 3 10 3 1 2 10 3 8 2 10 4 0 1 0 6 
10 11 0 14 0 7 
0 32 
0 32 
0 32 
0 32 
0 32 
0 32 
0 32 
0 32 
0 32 
0 32 
1 12 0 7 0 13 
1 10 2 2 3 1 2 5 1 1 0 2 0 11 
1 9 2 1 3 1 4 3 3 3 2 3 1 1 0 1 0 10 
1 8 2 1 3 1 4 3 3 5 2 3 1 1 0 1 0 9 
1 7 2 1 3 1 4 5 3 3 2 5 1 1 0 1 0 8 
1 6 2 1 3 1 2 15 1 1 0 1 0 7 
1 6 3 1 1 14 5 1 3 1 1 1 0 1 0 7 
1 5 2 1 3 1 2 4 3 4 5 6 6 1 2 1 1 2 0 1 0 6 
1 5 3 1 2 4 3 1 2 4 3 1 5 5 6 1 2 1 3 1 1 1 0 1 0 6 
1 5 3 1 2 3 3 1 7 11 5 1 2 1 3 1 1 1 0 1 0 6 
1 5 3 1 2 3 3 1 7 11 2 2 3 1 1 1 0 1 0 6 
1 5 3 1 2 3 3 1 1 11 7 1 3 1 1 2 0 1 0 6 
1 5 2 1 3 1 2 2 3 2 2 4 3 1 2 3 3 2 2 3 1 1 0 1 0 6 
1 5 2 1 3 1 2 3 3 6 2 8 1 1 0 1 0 6 
1 6 2 1 3 1 2 3 3 4 1 7 2 1 1 1 0 1 0 7 
1 6 2 1 3 2 2 13 1 2 0 1 0 7 
1 7 2 1 8 2 3 5 2 6 1 2 0 1 0 8 
1 8 8 1 9 2 8 2 3 3 2 3 1 3 0 1 0 9 
8 9 10 7 2 1 1 4 10 1 0 2 0 8 
10 9 8 1 10 5 2 2 1 2 10 2 8 1 10 1 0 1 0 8 
10 10 1 7 10 2 8 2 10 2 0 1 0 8 
10 11 0 12 0 9 
0 32 
0 32 
0 32 
0 32 
0 32 
0 32 
0 32 
0 32 
0 32 
0 32 
0 32 
1 12 0 7 0 13 
1 10 2 2 3 1 2 5 1 1 0 2 0 11 
1 9 2 1 3 1 4 3 3 3 2 3 1 1 0 1 0 10 
1 8 2 1 3 1 4 3 3 5 2 3 1 1 0 1 0 9 
1 7 2 1 3 1 4 5 3 3 2 5 1 1 0 1 0 8 
1 6 2 1 3 1 2 15 1 1 0 1 0 7 
1 6 3 1 1 15 5 1 1 1 0 1 0 7 
1 5 2 1 3 1 5 15 6 1 2 1 1 1 0 1 0 6 
1 5 3 1 2 6 3 3 5 7 6 1 2 1 1 1 0 1 0 6 
1 5 3 1 2 5 3 1 7 10 5 1 2 1 1 1 0 1 0 6 
1 5 3 1 2 4 3 1 7 11 2 2 1 1 0 1 0 6 
1 5 2 1 3 1 2 3 3 1 2 6 3 1 1 4 7 1 2 1 1 1 0 1 0 6 
1 5 2 1 3 1 2 3 3 1 2 6 3 1 2 2 3 2 2 2 1 1 0 1 0 6 
1 6 2 1 3 1 2 2 3 2 2 4 3 2 1 5 0 2 0 7 
1 6 2 1 3 2 2 2 3 6 2 5 1 2 0 1 0 7 
1 7 2 1 3 2 2 2 3 4 2 5 1 2 0 1 0 8 
1 8 2 1 8 3 3 6 2 1 1 3 0 1 0 9 
1 9 2 1 8 1 9 2 8 2 2 4 1 2 0 1 0 10 
1 10 8 1 1 8 10 2 0 1 0 10 
10 11 8 1 10 6 0 4 0 10 
10 11 0 10 0 11 
0 32 
0 32 
0 32 
0 32 
0 32 
0 32 
0 32 
0 32 
0 32 
0 32 
1 12 0 7 0 13 
1 10 2 2 3 1 2 5 1 1 0 2 0 11 
1 9 2 1 3 1 4 3 3 3 2 3 1 1 0 1 0 10 
1 8 2 1 3 1 4 3 3 5 2 3 1 1 0 1 0 9 
1 7 2 1 3 1 4 5 3 3 2 5 1 1 0 1 0 8 
1 6 2 1 3 1 2 15 1 1 0 1 0 7 
1 6 3 1 1 14 5 1 3 1 1 1 0 1 0 7 
1 5 2 1 3 1 5 14 6 1 2 1 1 2 0 1 0 6 
1 5 3 1 2 4 3 3 5 8 6 1 2 1 3 1 1 1 0 1 0 6 
1 5 3 1 2 3 3 1 7 11 5 1 2 1 3 1 1 1 0 1 0 6 
1 5 3 1 2 2 3 1 7 12 2 2 3 1 1 1 0 1 0 6 
1 5 3 1 2 2 3 1 1 12 7 1 3 1 1 2 0 1 0 6 
1 5 2 1 3 1 2 1 3 1 2 6 3 1 2 3 3 2 2 3 1 1 0 1 0 6 
1 5 2 1 3 1 2 1 3 2 2 4 3 2 2 8 1 1 0 1 0 6 
1 6 2 1 3 1 2 1 3 6 1 7 2 1 1 1 0 1 0 7 
1 6 2 1 3 2 2 1 3 4 2 8 1 2 0 1 0 7 
1 7 2 1 3 2 2 11 1 2 0 1 0 8 
1 8 2 1 8 1 3 6 2 3 1 3 10 1 0 2 0 7 
8 9 9 2 8 2 2 4 1 4 10 1 0 3 0 7 
8 9 2 8 1 2 10 2 0 4 0 7 
10 9 8 1 10 6 1 1 10 2 0 4 0 9 
10 10 0 11 0 11 
0 32 
0 32 
0 32 
0 32 
0 32 
0 32 
0 32 
0 32 
0 32 
0 32 
1 12 0 7 0 13 
1 10 2 2 3 1 2 5 1 1 0 2 0 11 
1 9 2 1 3 1 4 3 3 3 2 3 1 1 0 1 0 10 
1 8 2 1 3 1 4 3 3 5 2 3 1 1 0 1 0 9 
1 7 2 1 3 1 4 5 3 3 2 5 1 1 0 1 0 8 
1 6 2 1 3 1 2 15 1 1 0 1 0 7 
1 6 3 1 1 12 5 1 3 1 1 1 5 1 1 1 0 1 0 7 
1 5 2 1 3 1 5 12 6 1 2 1 5 1 6 1 2 1 1 1 0 1 0 6 
1 5 2 1 3 2 5 11 6 1 2 1 5 1 6 1 2 1 1 1 0 1 0 6 
1 5 3 1 7 13 5 1 2 1 7 1 5 1 2 1 1 1 0 1 0 6 
1 4 2 1 3 1 7 13 2 2 7 1 2 2 1 2 0 1 0 5 
1 4 3 1 1 14 7 1 3 1 1 1 7 1 3 1 2 1 3 1 1 1 0 1 0 4 
1 4 3 1 2 12 3 2 2 5 3 2 1 1 0 1 0 4 
1 4 2 1 3 1 2 18 3 2 1 1 0 1 0 4 
1 5 2 1 3 3 1 12 3 1 2 1 3 2 2 1 1 1 0 1 0 4 
1 6 2 1 3 3 2 12 1 2 0 3 0 5 
1 7 2 1 3 2 2 11 1 2 10 1 8 1 0 1 0 6 
8 8 2 5 3 1 2 5 1 3 10 1 8 1 0 3 0 5 
8 7 9 2 8 2 2 3 1 7 10 1 8 1 10 3 0 1 0 5 
8 7 2 8 1 4 10 2 8 1 10 2 0 2 0 6 
10 7 8 1 10 6 1 2 10 3 8 2 10 1 0 2 0 8 
10 8 11 8 10 1 0 5 0 10 

slowstop
2
32
32
0 32 
0 32 
0 32 
0 32 
0 32 
0 32 
0 32 
0 32 
0 32 
0 32 
1 13 0 7 0 12 
1 11 2 2 3 1 2 5 1 1 0 2 0 10 
1 10 2 1 3 1 4 3 3 3 2 3 1 1 0 1 0 9 
1 9 2 1 3 1 4 3 3 5 2 3 1 1 0 1 0 8 
1 8 2 1 3 1 4 5 3 3 2 5 1 1 0 1 0 7 
1 7 2 1 3 1 2 15 1 1 0 1 0 6 
1 7 3 1 1 10 5 1 3 1 1 2 5 1 3 1 1 1 0 1 0 6 
1 6 2 1 3 1 5 10 6 1 2 1 3 1 5 1 6 1 2 1 1 2 0 1 0 5 
1 5 2 1 3 1 5 11 6 1 2 1 3 1 5 1 6 1 2 1 3 1 2 1 1 1 0 1 0 4 
1 4 2 1 3 1 7 12 5 1 2 1 3 1 7 1 5 1 2 1 3 1 2 1 1 2 0 1 0 3 
1 3 2 1 3 1 7 13 2 2 3 1 7 1 2 2 3 1 2 1 3 1 2 1 1 1 0 1 0 2 
1 3 3 1 1 14 7 1 3 1 1 2 7 1 3 1 2 2 3 1 1 2 0 1 0 2 
1 3 3 1 2 12 3 2 2 6 3 3 1 2 0 1 0 2 
1 3 2 1 3 1 2 20 3 2 2 1 1 1 0 1 0 2 
1 4 2 1 3 5 1 10 3 1 2 3 1 4 0 1 0 3 
1 5 2 3 3 2 2 13 1 2 0 3 0 4 
1 8 2 1 3 2 2 11 1 2 0 1 0 7 
8 7 2 5 3 1 2 7 1 3 10 1 8 1 0 3 0 4 
8 6 9 2 8 2 2 3 1 9 10 1 8 1 9 3 8 1 0 1 0 3 
8 6 2 8 1 6 10 2 8 1 0 6 0 3 
10 6 8 1 10 6 1 1 10 6 8 2 10 6 0 1 0 3 
10 7 0 8 10 3 0 10 0 4 
0 32 
0 32 
0 32 
0 32 
0 32 
0 32 
0 32 
0 32 
0 32 
0 32 
0 32 
1 13 0 7 0 12 
1 11 2 2 3 1 2 5 1 1 0 2 0 10 
1 10 2 1 3 1 4 3 3 3 2 3 1 1 0 1 0 9 
1 9 2 1 3 1 4 3 3 5 2 3 1 1 0 1 0 8 
1 8 2 1 3 1 4 5 3 3 2 5 1 1 0 1 0 7 
1 7 2 1 3 1 2 15 1 1 0 1 0 6 
1 7 3 1 1 10 5 1 3 1 1 2 5 1 3 1 1 1 0 1 0 6 
1 6 2 1 3 1 5 10 6 1 2 1 3 1 5 1 6 1 2 1 1 2 0 1 0 5 
1 5 3 2 5 11 6 1 2 1 3 1 5 1 6 1 2 1 3 1 2 1 1 1 0 1 0 4 
1 4 2 1 3 1 7 12 5 1 2 1 3 1 7 1 5 1 2 1 3 1 2 1 1 2 0 1 0 3 
1 3 2 1 3 1 7 13 2 2 3 1 7 1 2 2 3 1 2 1 3 1 2 1 1 1 0 1 0 2 
1 3 3 1 1 14 7 1 3 1 1 2 7 1 3 1 2 1 3 2 1 2 0 1 0 2 
1 3 3 1 2 12 3 2 2 6 3 3 1 2 0 1 0 2 
1 3 2 1 3 1 2 4 3 1 1 10 3 1 2 3 3 2 2 2 1 1 0 1 0 2 
1 4 2 1 3 5 2 13 1 5 0 1 0 3 
1 5 2 3 3 3 2 11 1 2 0 4 0 4 
8 7 2 5 3 1 2 7 1 3 10 1 8 1 0 3 0 4 
8 6 9 2 8 2 2 3 1 9 10 1 8 1 9 3 8 1 0 1 0 3 
8 6 2 8 1 6 10 2 8 1 0 6 0 3 
10 6 8 1 10 6 1 1 10 6 8 2 10 6 0 1 0 3 
10 7 0 8 10 3 0 10 0 4 

walk
12
32
32
0 32 
0 32 
0 32 
0 32 
0 32 
0 32 
0 32 
0 32 
0 32 
0 32 
1 13 0 7 0 12 
1 11 2 2 3 1 2 5 1 1 0 2 0 10 
1 10 2 1 3 1 4 3 3 3 2 3 1 1 0 1 0 9 
1 9 2 1 3 1 4 3 3 5 2 3 1 1 0 1 0 8 
1 8 2 1 3 1 4 5 3 3 2 5 1 1 0 1 0 7 
1 7 2 1 3 1 2 15 1 1 0 1 0 6 
1 5 2 2 3 2 1 7 5 1 3 1 1 2 5 1 3 1 2 3 1 1 0 2 0 4 
1 4 2 1 3 1 2 3 3 1 5 6 6 1 2 1 3 1 5 1 6 1 2 1 3 1 2 2 1 3 0 1 0 3 
1 3 2 1 3 1 5 11 6 1 2 1 3 1 5 1 6 1 2 1 3 1 2 3 3 1 2 1 1 1 0 1 0 2 
1 3 3 1 7 12 5 1 2 1 3 1 7 1 5 1 2 1 3 1 2 3 3 1 1 2 0 1 0 2 
1 3 2 1 3 1 7 11 2 2 3 1 7 1 2 2 3 1 2 3 3 1 2 1 1 1 0 1 0 2 
1 3 2 1 3 2 1 10 7 1 3 1 1 2 7 1 3 1 2 4 1 3 0 1 0 2 
1 4 2 1 3 3 2 5 3 2 2 11 1 2 0 1 0 3 
1 5 2 2 3 2 2 10 8 1 2 3 3 1 2 1 1 1 0 2 0 4 
10 6 1 1 2 1 3 1 2 9 8 1 9 1 8 2 2 2 1 1 0 1 0 6 
10 6 1 1 2 1 3 2 8 8 2 6 1 1 0 1 0 6 
10 6 1 2 2 1 3 2 2 6 8 1 10 3 1 3 0 1 0 7 
10 6 1 3 2 1 3 3 2 3 8 1 10 3 0 4 0 8 
10 7 1 3 2 1 8 6 10 2 0 5 0 8 
10 7 1 4 2 2 8 3 10 3 0 4 0 9 
10 8 1 5 10 3 8 1 10 1 0 5 0 9 
10 9 0 6 10 2 0 5 0 10 
0 32 
0 32 
0 32 
0 32 
0 32 
0 32 
0 32 
0 32 
0 32 
0 32 
1 13 0 7 0 12 
1 11 2 2 3 1 2 5 1 1 0 2 0 10 
1 10 2 1 3 1 4 3 3 3 2 3 1 1 0 1 0 9 
1 9 2 1 3 1 4 3 3 5 2 3 1 1 0 1 0 8 
1 8 2 1 3 1 4 5 3 3 2 5 1 1 0 1 0 7 
1 7 2 1 3 1 2 15 1 1 0 1 0 6 
1 7 3 1 1 9 5 1 3 1 1 2 5 1 3 1 1 2 0 1 0 6 
1 6 2 1 3 1 5 9 6 1 2 1 3 1 5 1 6 1 2 1 3 1 2 1 1 1 0 1 0 5 
1 6 2 1 3 2 5 8 6 1 2 1 3 1 5 1 6 1 2 1 3 1 1 2 0 1 0 5 
1 5 2 1 3 1 7 10 5 1 2 1 3 1 7 1 5 1 2 1 3 1 2 2 1 1 0 1 0 4 
1 4 2 1 3 1 7 11 2 2 3 1 7 1 2 2 3 1 2 3 1 1 0 1 0 3 
1 4 3 1 1 12 7 1 3 1 1 2 7 1 3 1 2 4 1 1 0 1 0 3 
1 4 3 1 2 6 3 1 2 3 3 2 2 6 3 1 2 1 3 1 2 1 1 1 0 1 0 3 
1 4 2 1 3 1 2 4 3 2 2 13 3 1 2 1 1 1 0 1 0 3 
1 5 2 1 3 5 1 9 3 1 2 3 1 3 0 1 0 4 
1 6 2 2 3 2 2 9 8 1 2 3 1 2 0 2 0 5 
10 7 1 1 2 1 3 2 2 7 8 1 9 1 8 2 1 2 0 1 0 7 
10 7 1 2 2 1 3 3 2 4 8 1 10 4 0 2 0 8 
10 7 1 3 2 1 8 7 10 3 0 3 0 8 
10 8 1 3 2 2 8 4 10 3 0 4 0 8 
10 9 1 4 8 3 10 3 0 4 0 9 
10 11 8 4 10 2 0 5 0 10 
0 32 
0 32 
0 32 
0 32 
0 32 
0 32 
0 32 
0 32 
0 32 
1 12 0 7 0 13 
1 10 2 2 3 1 2 5 1 1 0 2 0 11 
1 9 2 1 3 1 4 3 3 3 2 3 1 1 0 1 0 10 
1 8 2 1 3 1 4 3 3 5 2 3 1 1 0 1 0 9 
1 7 2 1 3 1 4 5 3 3 2 5 1 1 0 1 0 8 
1 6 2 1 3 1 2 15 1 1 0 1 0 7 
1 6 3 1 1 10 5 1 3 1 1 2 5 1 3 1 1 1 0 1 0 7 
1 5 2 1 3 1 5 10 6 1 2 1 3 1 5 1 6 1 2 1 1 2 0 1 0 6 
1 5 3 1 5 11 6 1 2 1 3 1 5 1 6 1 2 1 3 1 1 1 0 1 0 6 
1 5 3 1 7 11 5 1 2 1 3 1 7 1 5 1 2 1 3 1 1 1 0 1 0 6 
1 5 3 1 2 1 3 3 7 7 2 2 3 1 7 1 2 2 3 1 1 1 0 1 0 6 
1 5 2 1 3 1 1 10 7 1 3 1 1 2 7 1 3 1 1 2 0 1 0 6 
1 5 3 1 2 9 3 2 2 6 1 3 0 1 0 5 
1 5 3 1 2 6 3 1 2 11 1 2 0 1 0 5 
1 5 3 1 2 6 3 1 1 6 3 1 2 3 3 2 1 1 0 1 0 5 
1 5 2 1 3 1 2 4 3 2 2 9 1 4 0 1 0 5 
1 6 2 1 3 5 2 9 1 4 0 1 0 6 
10 6 1 1 2 2 3 3 2 7 1 5 0 1 0 7 
10 7 1 2 2 1 8 8 1 5 0 1 0 8 
10 7 8 1 10 1 1 1 2 2 8 4 9 4 8 2 0 2 0 8 
10 8 8 1 10 1 1 2 8 2 0 10 0 8 
10 9 8 1 10 2 8 2 10 9 0 1 0 8 
10 10 0 13 0 9 
0 32 
0 32 
0 32 
0 32 
0 32 
0 32 
0 32 
0 32 
0 32 
1 12 0 7 0 13 
1 10 2 2 3 1 2 5 1 1 0 2 0 11 
1 9 2 1 3 1 4 3 3 3 2 3 1 1 0 1 0 10 
1 8 2 1 3 1 4 3 3 5 2 3 1 1 0 1 0 9 
1 7 2 1 3 1 4 5 3 3 2 5 1 1 0 1 0 8 
1 6 2 1 3 1 2 15 1 1 0 1 0 7 
1 6 3 1 1 11 5 1 3 1 1 2 5 1 1 1 0 1 0 7 
1 5 2 1 3 1 5 11 6 1 2 1 3 1 5 1 6 1 2 1 1 1 0 1 0 6 
1 5 3 1 5 12 6 1 2 1 3 1 5 1 6 1 2 1 1 1 0 1 0 6 
1 5 3 1 7 12 5 1 2 1 3 1 7 1 5 1 2 1 1 1 0 1 0 6 
1 5 3 1 2 3 3 1 2 4 3 1 7 3 2 2 3 1 7 1 2 2 1 1 0 1 0 6 
1 5 3 1 2 2 3 1 2 6 3 1 1 2 7 1 3 1 1 2 7 1 3 1 1 1 0 1 0 6 
1 5 2 1 3 1 2 1 3 1 2 6 3 3 2 6 1 1 0 1 0 6 
1 5 2 1 3 1 2 1 3 1 2 6 3 1 2 8 1 1 0 1 0 6 
1 6 2 1 3 3 2 4 3 2 1 4 3 1 2 2 1 1 0 1 0 7 
1 6 2 1 3 8 2 7 1 2 0 1 0 7 
1 7 2 1 3 6 2 6 1 3 0 1 0 8 
1 8 2 1 1 13 0 1 0 9 
10 9 8 4 2 7 1 1 0 1 0 10 
10 9 8 3 9 5 8 2 0 2 0 11 
10 10 8 3 0 8 0 11 
10 11 8 4 10 5 0 1 0 11 
10 13 0 7 0 12 
0 32 
0 32 
0 32 
0 32 
0 32 
0 32 
0 32 
0 32 
0 32 
1 12 0 7 0 13 
1 10 2 2 3 1 2 5 1 1 0 2 0 11 
1 9 2 1 3 1 4 3 3 3 2 3 1 1 0 1 0 10 
1 8 2 1 3 1 4 3 3 5 2 3 1 1 0 1 0 9 
1 7 2 1 3 1 4 5 3 3 2 5 1 1 0 1 0 8 
1 6 2 1 3 1 2 15 1 1 0 1 0 7 
1 6 3 1 1 12 5 1 3 1 2 1 5 1 1 1 0 1 0 7 
1 5 2 1 3 1 5 12 6 1 2 1 6 2 2 1 1 1 0 1 0 6 
1 5 3 1 5 13 6 1 2 1 6 2 2 1 1 1 0 1 0 6 
1 5 3 1 2 9 3 1 7 3 5 1 2 1 5 2 2 1 1 1 0 1 0 6 
1 5 3 1 2 10 3 1 7 2 2 2 7 2 2 1 1 1 0 1 0 6 
1 5 3 1 2 11 3 1 1 1 7 1 3 1 2 1 7 1 3 1 1 1 0 1 0 6 
1 5 2 1 3 1 2 10 3 2 2 5 1 1 0 1 0 6 
1 5 2 1 3 1 2 3 3 1 2 6 3 1 2 6 1 1 0 1 0 6 
1 6 2 1 3 1 2 2 3 2 2 4 3 2 1 3 3 1 2 1 1 1 0 1 0 7 
1 6 2 1 3 2 2 2 3 6 2 5 1 2 0 1 0 7 
1 7 2 1 3 2 2 2 3 4 2 5 1 2 0 1 0 8 
10 7 2 2 3 4 2 6 1 3 0 1 0 9 
10 7 8 4 2 6 1 4 0 1 0 10 
10 8 8 2 9 5 8 1 2 2 1 1 10 2 0 1 0 10 
10 9 8 2 1 7 10 1 8 1 0 2 0 10 
10 11 8 2 10 4 8 1 10 3 0 1 0 10 
10 13 0 8 0 11 
0 32 
0 32 
0 32 
0 32 
0 32 
0 32 
0 32 
0 32 
0 32 
0 32 
1 12 0 7 0 13 
1 10 2 2 3 1 2 5 1 1 0 2 0 11 
1 9 2 1 3 1 4 3 3 3 2 3 1 1 0 1 0 10 
1 8 2 1 3 1 4 3 3 5 2 3 1 1 0 1 0 9 
1 7 2 1 3 1 4 5 3 3 2 5 1 1 0 1 0 8 
1 6 2 1 3 1 2 15 1 1 0 1 0 7 
1 6 3 1 1 14 5 1 2 1 1 1 0 1 0 7 
1 5 2 1 3 1 5 14 6 1 2 1 6 1 1 1 0 1 0 6 
1 5 3 1 2 8 3 3 5 4 6 1 2 1 6 1 1 1 0 1 0 6 
1 5 3 1 2 11 3 1 7 3 5 1 2 1 5 1 1 1 0 1 0 6 
1 5 3 1 2 12 3 1 7 2 2 2 7 1 1 1 0 1 0 6 
1 5 3 1 2 12 3 1 1 2 7 1 2 1 7 1 1 1 0 1 0 6 
1 5 2 1 3 1 2 4 3 1 2 6 3 2 2 4 1 1 0 1 0 6 
1 5 2 1 3 2 2 3 3 2 2 4 3 2 2 5 1 1 0 1 0 6 
1 6 10 1 2 1 3 1 2 3 3 6 1 4 2 1 1 1 0 1 0 7 
10 6 2 3 3 1 2 3 3 4 2 5 1 2 0 1 0 7 
10 6 2 5 3 1 2 9 1 2 10 1 0 1 0 7 
10 6 8 3 2 6 3 1 2 3 1 3 10 1 0 2 0 7 
10 7 8 1 9 5 8 1 2 2 1 5 10 1 8 1 10 1 0 1 0 7 
10 7 8 2 2 7 1 3 10 2 8 1 10 1 0 1 0 8 
10 8 8 3 10 4 1 1 10 3 8 1 10 2 0 1 0 9 
10 10 0 12 0 10 
0 32 
0 32 
0 32 
0 32 
0 32 
0 32 
0 32 
0 32 
0 32 
0 32 
1 12 0 7 0 13 
1 10 2 2 3 1 2 5 1 1 0 2 0 11 
1 9 2 1 3 1 4 3 3 3 2 3 1 1 0 1 0 10 
1 8 2 1 3 1 4 3 3 5 2 3 1 1 0 1 0 9 
1 7 2 1 3 1 4 5 3 3 2 5 1 1 0 1 0 8 
1 6 2 1 3 1 2 15 1 1 0 1 0 7 
1 6 3 1 2 7 3 4 1 4 5 1 1 1 0 1 0 7 
1 5 2 1 3 1 2 6 3 1 2 4 3 1 5 3 6 1 2 1 1 1 0 1 0 6 
1 5 3 1 2 13 3 1 5 2 6 1 3 1 1 1 0 1 0 6 
1 5 3 1 2 13 3 1 7 2 5 1 3 1 1 1 0 1 0 6 
1 5 3 1 2 13 3 1 7 2 3 2 1 1 0 1 0 6 
1 5 3 1 2 6 3 1 2 5 3 2 1 2 7 1 3 1 1 1 0 1 0 6 
1 5 2 1 3 1 2 6 3 8 2 3 1 1 10 1 0 1 0 5 
10 4 1 1 2 1 3 1 2 7 3 4 2 6 1 1 10 1 0 2 0 4 
10 4 1 2 2 1 3 1 2 15 1 1 10 1 8 1 10 1 0 1 0 4 
10 4 1 2 2 1 3 2 2 13 1 2 10 1 8 1 10 1 0 1 0 4 
10 4 8 1 10 1 1 1 2 1 3 2 2 11 1 2 10 1 8 1 10 2 0 1 0 4 
10 4 8 1 10 2 2 1 3 4 2 7 1 3 10 1 8 1 10 2 0 1 0 5 
10 4 8 2 10 2 2 1 1 12 10 1 8 1 10 3 0 1 0 5 
10 5 8 1 10 3 1 1 2 1 1 8 10 2 8 1 10 3 0 1 0 6 
10 5 8 2 10 3 1 2 10 7 8 2 10 2 0 2 0 7 
10 6 0 5 10 7 0 5 0 9 
0 32 
0 32 
0 32 
0 32 
0 32 
0 32 
0 32 
0 32 
0 32 
0 32 
1 12 0 7 0 13 
1 10 2 2 3 1 2 5 1 1 0 2 0 11 
1 9 2 1 3 1 4 3 3 3 2 3 1 1 0 1 0 10 
1 8 2 1 3 1 4 3 3 5 2 3 1 1 0 1 0 9 
1 7 2 1 3 1 4 5 3 3 2 5 1 1 0 1 0 8 
1 6 2 1 3 1 2 15 1 1 0 1 0 7 
1 6 3 1 1 14 5 1 2 1 1 1 0 1 0 7 
1 5 2 1 3 1 5 14 6 1 2 1 6 1 1 1 0 1 0 6 
1 5 3 1 2 8 3 3 5 4 6 1 2 1 6 1 1 1 0 1 0 6 
1 5 3 1 2 11 3 1 7 3 5 1 2 1 5 1 1 1 0 1 0 6 
1 5 3 1 2 12 3 1 7 2 2 2 7 1 1 1 0 1 0 6 
1 5 3 1 2 12 3 1 1 2 7 1 2 1 7 1 1 1 0 1 0 6 
1 5 2 1 3 1 2 4 3 1 2 6 3 2 2 4 1 1 0 1 0 6 
1 5 2 1 3 2 2 3 3 2 2 4 3 2 2 5 1 1 0 1 0 6 
1 6 10 1 2 1 3 1 2 3 3 6 1 4 2 1 1 1 0 1 0 7 
10 6 2 3 3 1 2 3 3 4 2 5 1 2 0 1 0 7 
10 6 2 5 3 1 2 9 1 2 10 1 0 1 0 7 
10 6 8 3 2 6 3 1 2 3 1 3 10 1 0 2 0 7 
10 7 8 1 9 5 8 1 2 2 1 5 10 1 8 1 10 1 0 1 0 7 
10 7 8 2 2 7 1 3 10 2 8 1 10 1 0 1 0 8 
10 8 8 3 10 4 1 1 10 3 8 1 10 2 0 1 0 9 
10 10 0 12 0 10 
0 32 
0 32 
0 32 
0 32 
0 32 
0 32 
0 32 
0 32 
0 32 
1 12 0 7 0 13 
1 10 2 2 3 1 2 5 1 1 0 2 0 11 
1 9 2 1 3 1 4 3 3 3 2 3 1 1 0 1 0 10 
1 8 2 1 3 1 4 3 3 5 2 3 1 1 0 1 0 9 
1 7 2 1 3 1 4 5 3 3 2 5 1 1 0 1 0 8 
1 6 2 1 3 1 2 15 1 1 0 1 0 7 
1 6 3 1 1 12 5 1 3 1 2 1 5 1 1 1 0 1 0 7 
1 5 2 1 3 1 5 12 6 1 2 1 6 2 2 1 1 1 0 1 0 6 
1 5 3 1 5 13 6 1 2 1 6 2 2 1 1 1 0 1 0 6 
1 5 3 1 2 9 3 1 7 3 5 1 2 1 5 2 2 1 1 1 0 1 0 6 
1 5 3 1 2 10 3 1 7 2 2 2 7 2 2 1 1 1 0 1 0 6 
1 5 3 1 2 11 3 1 1 1 7 1 3 1 2 1 7 1 3 1 1 1 0 1 0 6 
1 5 2 1 3 1 2 10 3 2 2 5 1 1 0 1 0 6 
1 5 2 1 3 1 2 3 3 1 2 6 3 1 2 6 1 1 0 1 0 6 
1 6 2 1 3 1 2 2 3 2 2 4 3 2 1 3 3 1 2 1 1 1 0 1 0 7 
1 6 2 1 3 2 2 2 3 6 2 5 1 2 0 1 0 7 
1 7 2 1 3 2 2 2 3 4 2 5 1 2 0 1 0 8 
10 7 2 2 3 4 2 6 1 3 0 1 0 9 
10 7 8 4 2 6 1 4 0 1 0 10 
10 8 8 2 9 5 8 1 2 2 1 1 8 2 0 1 0 10 
10 9 8 2 1 7 8 1 0 3 0 10 
10 11 8 2 10 4 8 1 10 3 0 1 0 10 
10 13 0 8 0 11 
0 32 
0 32 
0 32 
0 32 
0 32 
0 32 
0 32 
0 32 
0 32 
0 32 
1 12 0 7 0 13 
1 10 2 2 3 1 2 5 1 1 0 2 0 11 
1 9 2 1 3 1 4 3 3 3 2 3 1 1 0 1 0 10 
1 8 2 1 3 1 4 3 3 5 2 3 1 1 0 1 0 9 
1 7 2 1 3 1 4 5 3 3 2 5 1 1 0 1 0 8 
1 6 2 1 3 1 2 15 1 1 0 1 0 7 
1 6 3 1 1 11 5 1 3 1 1 2 5 1 1 1 0 1 0 7 
1 5 2 1 3 1 5 11 6 1 2 1 3 1 5 1 6 1 2 1 1 1 0 1 0 6 
1 5 3 1 5 12 6 1 2 1 3 1 5 1 6 1 2 1 1 1 0 1 0 6 
1 5 3 1 7 12 5 1 2 1 3 1 7 1 5 1 2 1 1 1 0 1 0 6 
1 5 3 1 2 3 3 1 2 4 3 1 7 3 2 2 3 1 7 1 2 2 1 1 0 1 0 6 
1 5 3 1 2 2 3 1 2 6 3 1 1 2 7 1 3 1 1 2 7 1 3 1 1 1 0 1 0 6 
1 5 2 1 3 1 2 1 3 1 2 6 3 3 2 6 1 1 0 1 0 6 
1 5 2 1 3 1 2 1 3 1 2 6 3 1 2 8 1 1 0 1 0 6 
1 6 2 1 3 3 2 4 3 2 1 4 3 1 2 2 1 1 0 1 0 7 
1 6 2 1 3 8 2 7 1 2 0 1 0 7 
1 7 2 1 3 6 2 6 1 3 0 1 0 8 
1 8 2 1 1 13 0 1 0 9 
10 9 8 4 2 7 1 1 0 1 0 10 
10 9 8 3 9 5 8 2 0 2 0 11 
10 10 8 3 0 8 0 11 
10 11 8 4 10 5 0 1 0 11 
0 32 
0 32 
0 32 
0 32 
0 32 
0 32 
0 32 
0 32 
0 32 
1 12 0 7 0 13 
1 10 2 2 3 1 2 5 1 1 0 2 0 11 
1 9 2 1 3 1 4 3 3 3 2 3 1 1 0 1 0 10 
1 8 2 1 3 1 4 3 3 5 2 3 1 1 0 1 0 9 
1 7 2 1 3 1 4 5 3 3 2 5 1 1 0 1 0 8 
1 6 2 1 3 1 2 15 1 1 0 1 0 7 
1 6 3 1 1 10 5 1 3 1 1 2 5 1 3 1 1 1 0 1 0 7 
1 5 2 1 3 1 5 10 6 1 2 1 3 1 5 1 6 1 2 1 1 2 0 1 0 6 
1 5 3 1 5 11 6 1 2 1 3 1 5 1 6 1 2 1 3 1 1 1 0 1 0 6 
1 5 3 1 7 11 5 1 2 1 3 1 7 1 5 1 2 1 3 1 1 1 0 1 0 6 
1 5 3 1 2 1 3 3 7 7 2 2 3 1 7 1 2 2 3 1 1 1 0 1 0 6 
1 5 2 1 3 1 1 10 7 1 3 1 1 2 7 1 3 1 1 2 0 1 0 6 
1 5 3 1 2 9 3 2 2 6 1 3 0 1 0 5 
1 5 3 1 2 6 3 1 2 11 1 2 0 1 0 5 
1 5 3 1 2 6 3 1 1 6 3 1 2 3 3 2 1 1 0 1 0 5 
1 5 2 1 3 1 2 4 3 2 2 9 1 4 0 1 0 5 
1 6 2 1 3 5 2 9 1 4 0 1 0 6 
10 6 1 1 2 2 3 3 2 7 1 5 0 1 0 7 
10 7 1 2 2 1 8 8 1 5 0 1 0 8 
10 7 8 1 10 1 1 1 2 2 8 4 9 4 8 2 0 2 0 8 
10 8 8 1 10 1 1 2 8 2 0 10 0 8 
10 9 8 1 10 2 8 2 10 9 0 1 0 8 
10 10 0 13 0 9 
0 32 
0 32 
0 32 
0 32 
0 32 
0 32 
0 32 
0 32 
0 32 
0 32 
1 13 0 7 0 12 
1 11 2 2 3 1 2 5 1 1 0 2 0 10 
1 10 2 1 3 1 4 3 3 3 2 3 1 1 0 1 0 9 
1 9 2 1 3 1 4 3 3 5 2 3 1 1 0 1 0 8 
1 8 2 1 3 1 4 5 3 3 2 5 1 1 0 1 0 7 
1 7 2 1 3 1 2 15 1 1 0 1 0 6 
1 7 3 1 1 9 5 1 3 1 1 2 5 1 3 1 1 2 0 1 0 6 
1 6 2 1 3 1 5 9 6 1 2 1 3 1 5 1 6 1 2 1 3 1 2 1 1 1 0 1 0 5 
1 6 2 1 3 2 5 8 6 1 2 1 3 1 5 1 6 1 2 1 3 1 1 2 0 1 0 5 
1 5 2 1 3 1 7 10 5 1 2 1 3 1 7 1 5 1 2 1 3 1 2 2 1 1 0 1 0 4 
1 4 2 1 3 1 7 11 2 2 3 1 7 1 2 2 3 1 2 3 1 1 0 1 0 3 
1 4 3 1 1 12 7 1 3 1 1 2 7 1 3 1 2 4 1 1 0 1 0 3 
1 4 3 1 2 6 3 1 2 3 3 2 2 6 3 1 2 1 3 1 2 1 1 1 0 1 0 3 
1 4 2 1 3 1 2 4 3 2 2 13 3 1 2 1 1 1 0 1 0 3 
1 5 2 1 3 5 1 9 3 1 2 3 1 3 0 1 0 4 
1 6 2 2 3 2 2 9 8 1 2 3 1 2 0 2 0 5 
10 7 1 1 2 1 3 2 2 7 8 1 9 1 8 2 1 2 0 1 0 7 
10 7 1 2 2 1 3 3 2 4 8 1 10 4 0 2 0 8 
10 7 1 3 2 1 8 7 10 3 0 3 0 8 
10 8 1 3 2 2 8 4 10 3 0 4 0 8 
10 9 1 4 8 3 10 3 0 4 0 9 
10 11 8 4 10 2 0 5 0 10 
