9
crouch
1
32
32
10 32
10 32
10 32
10 32
10 32
10 32
10 32
10 32
10 32
10 32
10 32
10 32
10 32
10 32
10 32
10 32
10 32
10 32
10 32
10 32
10 32
30 131 90 10
90 91 42 13 14 23 42 11 30 7
140 71 22 13 44 33 11 15 13 21 15 12 11 20 5
160 51 22 13 74 23 15 16 12 13 15 16 13 22 11 20 3
140 41 12 13 127 15 12 13 17 15 13 42 11 10 2
140 31 12 13 42 13 81 17 13 21 17 13 32 31 1
110 31 12 23 18 52 13 32 23 62 61 1
120 41 12 18 29 28 32 23 51 12 81 10 2
60 51 18 82 121 30 3
90 610 18 610 12 71 58 210 10 3
50 710 81 610 70 4
dash
8
32
32
10 32
10 32
10 32
10 32
10 32
10 32
10 32
10 32
10 32
30 101 90 13
110 91 12 13 22 11 12 23 12 11 20 11
90 81 12 13 42 23 42 11 10 10
100 81 13 62 13 14 23 22 11 10 9
80 81 13 84 33 22 11 10 8
70 81 12 13 132 11 10 7
70 71 12 43 112 21 10 6
90 71 13 22 33 101 15 11 10 6
90 61 12 13 155 16 12 11 10 5
80 61 13 165 16 12 11 10 5
80 61 13 167 15 12 11 10 5
80 61 13 167 22 11 110 20 3
110 61 13 161 17 13 11 110 18 110 10 2
120 61 12 13 132 23 22 11 110 18 110 10 2
100 68 32 13 152 11 110 18 110 10 2
120 58 19 18 32 13 132 11 110 18 110 10 3
120 48 19 18 410 13 122 21 110 18 110 10 3
100 38 710 13 112 21 110 18 110 10 4
110 38 610 22 23 72 31 110 18 110 10 5
100 28 610 21 12 111 110 18 110 10 6
100 210 18 410 20 21 22 71 210 30 7
50 210 60 51 70 12
30 310 30 26
10 32
10 32
10 32
10 32
10 32
10 32
10 32
10 32
50 91 40 51 40 10
90 81 12 13 22 11 72 21 10 9
130 71 12 13 42 11 12 13 32 11 22 11 10 8
100 71 13 62 23 14 13 32 11 20 8
100 71 13 62 13 14 33 32 11 20 7
80 71 13 84 23 52 11 10 7
70 71 12 13 152 11 10 6
90 71 12 23 121 15 12 15 10 6
100 61 12 13 145 16 12 16 11 10 5
90 61 13 155 16 12 16 11 10 5
90 61 13 157 15 12 15 11 10 5
80 61 13 157 22 17 11 10 5
90 61 13 151 17 12 17 11 10 5
70 61 13 132 23 41 10 5
80 61 12 13 172 11 110 10 4
110 68 22 13 141 12 11 110 18 110 10 3
100 58 42 13 132 21 110 18 110 10 3
110 510 18 42 13 112 21 110 18 110 10 4
110 510 18 42 33 72 31 110 28 110 10 4
90 610 18 42 111 110 28 110 10 5
80 610 18 41 22 71 210 40 6
70 710 18 40 11 710 50 7
70 710 28 210 10 610 50 9
30 810 30 21
10 32
10 32
10 32
10 32
10 32
10 32
10 32
10 32
50 81 40 71 40 9
110 71 12 13 22 11 72 13 22 11 10 8
110 61 12 13 52 13 62 23 12 11 10 7
90 61 13 84 33 42 13 11 10 7
80 61 13 74 53 42 11 10 7
80 61 12 13 74 33 61 10 7
60 71 12 13 161 10 6
110 71 12 23 101 15 13 12 15 11 10 6
110 61 12 13 125 16 12 26 12 11 10 5
100 61 13 135 16 12 26 12 11 10 5
100 61 13 137 15 12 25 12 11 10 5
90 61 13 137 22 27 12 11 10 5
110 61 13 131 17 13 12 17 13 11 10 5
90 61 12 13 102 23 52 11 10 5
70 61 12 13 172 11 10 5
90 71 12 13 131 13 12 11 10 6
80 710 18 12 13 132 21 10 6
90 710 18 22 13 112 21 110 10 6
90 710 18 32 23 72 31 110 20 6
70 710 28 32 101 110 30 6
70 810 28 42 61 210 40 6
60 810 38 61 310 50 7
50 910 48 410 60 9
30 1110 100 11
10 32
10 32
10 32
10 32
10 32
10 32
10 32
10 32
50 81 40 71 40 9
110 71 12 13 22 11 72 13 22 11 10 8
110 61 12 13 52 13 62 23 12 11 10 7
90 61 13 84 33 42 13 11 10 7
80 61 13 74 53 42 11 10 7
80 61 12 13 74 33 61 10 7
70 71 12 13 152 11 10 6
110 71 12 23 91 15 13 21 15 11 10 6
130 61 12 13 115 16 12 13 15 16 12 11 10 5
120 61 13 125 16 12 13 15 16 12 11 10 5
120 61 13 127 15 12 13 17 15 12 11 10 5
100 61 13 127 22 13 17 22 11 10 5
110 61 13 121 17 13 21 17 13 11 10 5
90 61 12 13 92 23 62 11 10 5
70 61 12 13 172 11 10 5
90 71 12 13 131 13 12 11 10 6
80 71 12 23 132 18 210 10 5
90 710 11 12 23 112 18 310 10 5
90 710 21 12 33 72 28 310 20 5
70 710 31 12 108 310 20 6
70 710 41 22 68 410 20 7
70 810 51 310 18 410 30 8
30 1010 120 10
30 1210 80 12
10 32
10 32
10 32
10 32
10 32
10 32
10 32
10 32
10 32
50 81 40 101 40 6
100 71 12 13 22 11 103 32 11 10 5
110 61 12 13 52 13 72 23 32 11 10 4
90 61 13 94 33 42 13 31 10 4
100 61 13 84 53 42 13 12 11 10 4
90 61 12 13 84 33 62 21 10 4
60 71 12 13 171 10 5
120 71 12 23 91 15 13 21 15 13 11 10 5
130 71 12 13 105 16 12 13 15 16 12 21 10 4
130 71 13 115 16 12 13 15 16 12 13 11 10 4
130 71 13 117 15 12 13 17 15 12 13 11 10 4
110 71 13 117 22 13 17 22 13 11 10 4
110 71 13 111 17 13 21 17 13 21 10 4
90 71 12 13 82 23 52 18 30 4
90 71 12 13 158 19 18 210 10 3
110 710 11 12 13 111 13 12 18 410 10 3
90 710 11 12 23 112 18 510 10 3
80 610 31 12 23 108 510 10 4
90 610 41 12 33 72 18 410 20 4
70 510 61 12 98 410 20 5
80 510 71 22 610 18 310 20 6
60 510 811 11 510 60 7
50 610 411 810 50 9
10 32
10 32
10 32
10 32
10 32
10 32
10 32
10 32
50 81 40 71 40 9
110 71 12 13 22 11 72 13 22 11 10 8
110 61 12 13 52 13 62 23 12 11 10 7
90 61 13 84 33 42 13 11 10 7
80 61 13 74 53 42 11 10 7
80 61 12 13 74 33 61 10 7
70 71 12 13 152 11 10 6
110 71 12 23 91 15 13 21 15 11 10 6
130 61 12 13 115 16 12 13 15 16 12 11 10 5
120 61 13 125 16 12 13 15 16 12 11 10 5
120 61 13 127 15 12 13 17 15 12 11 10 5
100 61 13 127 22 13 17 22 11 10 5
110 61 13 121 17 13 21 17 13 11 10 5
90 61 12 13 92 23 62 11 10 5
70 61 12 13 172 11 10 5
90 71 12 13 131 13 12 11 10 6
70 71 12 23 132 210 10 6
90 710 11 12 23 112 28 110 10 6
90 710 21 12 33 72 38 210 10 6
70 710 31 12 108 310 10 7
70 710 41 22 68 410 20 7
70 810 51 310 18 410 30 8
30 1010 120 10
30 1210 80 12
10 32
10 32
10 32
10 32
10 32
10 32
10 32
10 32
50 81 40 71 40 9
110 71 12 13 22 11 72 13 22 11 10 8
110 61 12 13 52 13 62 23 12 11 10 7
90 61 13 84 33 42 13 11 10 7
80 61 13 74 53 42 11 10 7
80 61 12 13 74 33 61 10 7
60 71 12 13 161 10 6
110 71 12 23 101 15 13 12 15 11 10 6
110 61 12 13 125 16 12 26 12 11 10 5
100 61 13 135 16 12 26 12 11 10 5
100 61 13 137 15 12 25 12 11 10 5
90 61 13 137 22 27 12 11 10 5
110 61 13 131 17 13 12 17 13 11 10 5
90 61 12 13 102 23 52 11 10 5
70 61 12 13 172 11 10 5
90 71 12 13 131 13 12 11 10 6
80 710 18 12 13 132 21 10 6
90 710 18 22 13 112 21 110 10 6
90 710 18 32 23 72 31 110 20 6
70 710 28 32 101 110 30 6
70 810 28 42 61 210 40 6
60 810 38 61 310 50 7
50 910 48 410 60 9
30 1110 100 11
10 32
10 32
10 32
10 32
10 32
10 32
10 32
10 32
50 91 40 51 40 10
90 81 12 13 22 11 72 21 10 9
130 71 12 13 42 11 12 13 32 11 22 11 10 8
100 71 13 62 23 14 13 32 11 20 8
100 71 13 62 13 14 33 32 11 20 7
80 71 13 84 23 52 11 10 7
70 71 12 13 152 11 10 6
90 71 12 23 121 15 12 15 10 6
100 61 12 13 145 16 12 16 11 10 5
90 61 13 155 16 12 16 11 10 5
90 61 13 157 15 12 15 11 10 5
80 61 13 157 22 17 11 10 5
90 61 13 151 17 12 17 11 10 5
70 61 13 132 23 41 10 5
80 61 12 13 172 11 110 10 4
110 68 22 13 141 12 11 110 18 110 10 3
100 58 42 13 132 21 110 18 110 10 3
110 510 18 42 13 112 21 110 18 110 10 4
110 510 18 42 33 72 31 110 28 110 10 4
90 610 18 42 111 110 28 110 10 5
80 610 18 41 22 71 210 40 6
70 710 18 40 11 710 50 7
70 710 28 210 10 610 50 9
30 810 30 21
fall
2
32
32
10 32
10 32
10 32
10 32
10 32
10 32
10 32
50 81 40 91 40 7
120 71 12 13 22 11 10 11 73 32 11 10 6
130 61 12 13 42 11 12 13 62 23 22 11 10 5
110 61 13 62 13 34 33 32 13 21 10 5
90 61 13 94 53 32 13 11 10 5
90 61 12 13 94 33 52 11 10 5
60 71 12 13 171 10 5
110 81 12 13 111 15 13 11 15 11 10 5
120 71 12 13 125 16 12 15 16 12 11 10 4
120 71 12 13 125 16 12 15 16 13 11 10 4
110 71 13 137 15 12 17 15 13 11 10 4
90 71 13 137 22 17 23 11 10 4
110 71 13 131 17 13 11 17 13 11 10 4
90 71 12 13 102 23 52 11 10 4
70 71 12 13 172 11 10 4
100 710 11 12 13 131 13 12 11 10 5
80 710 11 12 23 132 21 10 5
80 610 31 12 23 112 21 10 6
100 610 18 110 21 12 33 72 31 10 7
80 510 28 210 21 12 111 10 8
80 510 18 410 21 22 71 20 9
70 510 18 410 28 21 70 11
70 510 18 310 28 310 20 16
70 510 28 110 48 110 20 17
50 610 30 210 30 18
10 32
10 32
10 32
10 32
10 32
10 32
10 32
10 32
70 71 40 31 70 21 40 5
160 61 12 13 22 11 10 11 12 13 61 22 13 22 11 10 4
140 51 12 13 51 12 13 34 33 32 23 22 11 10 3
110 51 13 74 13 24 53 42 13 21 10 3
90 51 13 114 33 62 13 11 10 3
80 51 12 13 191 12 11 10 3
130 61 12 13 12 13 111 15 13 11 15 11 20 4
110 81 13 125 16 12 15 16 12 11 10 4
120 71 12 13 125 16 12 15 16 13 11 10 4
110 71 13 137 15 12 17 15 13 11 10 4
90 71 13 137 22 17 23 11 10 4
110 71 13 131 17 13 11 17 13 11 10 4
90 71 12 13 102 23 52 11 10 4
70 71 12 13 172 11 10 4
100 710 11 12 13 131 13 12 11 10 5
80 710 11 12 23 132 21 10 5
80 610 31 12 23 112 21 10 6
100 610 18 110 21 12 33 72 31 10 7
80 510 28 210 21 12 111 10 8
80 510 18 410 21 22 71 20 9
70 510 18 410 28 21 70 11
70 510 18 310 28 310 20 16
70 510 28 110 48 110 20 17
50 610 30 210 30 18
firstjmp
8
32
31
10 32
10 32
10 32
10 32
10 32
10 32
10 32
30 121 70 13
70 61 62 13 52 11 20 11
110 51 12 13 32 13 34 33 32 11 10 10
130 41 12 13 52 13 14 53 11 15 12 11 10 9
130 41 13 62 13 24 33 25 16 13 15 12 10 8
100 41 13 145 16 13 15 16 12 10 7
100 41 12 13 147 15 13 17 15 10 7
90 51 12 23 127 23 17 21 10 6
110 51 12 33 111 17 13 11 17 11 10 6
70 51 13 122 23 51 10 6
70 51 13 162 13 21 10 6
70 51 13 1610 13 21 10 6
70 51 12 13 172 11 10 6
70 51 12 13 172 11 10 6
90 61 12 13 152 11 110 18 30 3
90 61 12 23 132 21 110 18 40 2
90 58 32 23 112 21 110 18 50 2
120 48 19 18 32 33 72 31 110 18 410 10 3
110 38 19 18 410 12 111 110 18 210 30 4
80 28 710 11 22 71 210 40 7
70 28 610 20 21 710 30 10
40 18 610 20 23
50 110 18 410 20 24
30 110 60 25
10 32
10 32
10 32
10 32
10 32
30 131 40 15
70 121 12 13 22 11 10 14
90 111 12 13 14 23 12 11 30 11
70 91 22 13 62 31 10 10
110 81 12 13 12 13 62 13 12 21 10 9
110 71 12 13 22 13 62 13 22 11 10 9
100 61 12 13 42 13 42 13 41 10 9
70 51 12 13 152 11 10 8
50 51 13 171 10 8
70 41 12 13 172 11 10 7
50 41 13 191 10 7
50 41 13 191 10 7
70 41 13 171 15 11 10 7
70 41 13 175 16 11 10 7
90 41 12 13 151 15 16 11 10 7
90 41 12 13 157 15 12 11 10 7
110 310 18 22 13 112 13 11 17 21 10 8
100 210 18 42 13 112 17 22 11 10 8
80 210 18 52 13 112 21 10 9
100 210 18 72 13 72 11 12 11 10 10
60 310 18 82 81 10 11
80 310 18 79 18 12 51 20 12
70 410 18 79 18 11 40 14
50 510 28 610 30 16
70 710 28 310 28 110 10 16
30 910 60 17
10 32
10 32
10 32
10 32
10 32
10 32
10 32
30 111 70 14
70 91 22 13 52 11 20 12
90 81 12 13 34 33 32 11 10 11
90 71 12 13 34 53 32 11 10 10
90 61 12 13 54 33 22 41 10 9
90 51 12 13 102 13 42 11 10 8
70 51 13 102 13 61 10 8
70 41 12 13 172 11 10 7
70 41 12 13 172 11 10 7
70 48 22 13 152 21 10 7
70 38 43 142 23 11 10 7
70 38 43 122 33 21 10 7
70 38 42 13 152 11 10 7
70 310 18 43 152 11 10 7
90 310 18 43 72 13 62 11 10 8
130 410 18 32 13 62 13 22 15 21 12 11 10 8
110 410 18 42 13 61 17 26 25 11 10 9
110 410 18 42 23 42 17 25 12 21 10 10
60 510 18 42 101 10 11
80 510 18 42 41 12 31 20 12
60 610 18 210 21 70 14
30 710 60 19
30 910 30 20
10 32
10 32
10 32
10 32
10 32
10 32
10 32
10 32
30 111 70 14
80 78 21 22 13 52 11 20 12
100 48 510 12 13 24 33 32 11 10 11
100 18 710 12 13 24 53 32 11 10 10
98 710 12 13 44 33 52 11 10 9
78 510 22 13 142 11 10 8
68 310 32 13 161 10 8
710 41 12 13 172 11 10 7
78 210 21 12 13 181 10 7
510 41 13 191 10 7
70 41 13 112 33 51 10 7
70 41 13 142 13 41 10 7
90 41 12 13 142 13 22 11 10 7
130 41 12 13 32 13 32 13 62 13 22 11 10 7
130 51 12 13 12 23 32 13 62 13 12 11 10 8
90 51 22 23 42 23 42 41 10 8
90 61 12 17 11 13 42 81 10 9
80 71 17 31 13 32 61 10 10
80 81 17 15 31 12 61 10 11
80 91 12 16 25 12 41 20 12
30 111 70 14
10 32
10 32
10 32
30 810 40 20
50 710 18 210 30 19
50 610 28 310 30 18
50 610 28 310 30 18
50 610 28 410 30 17
50 610 38 310 30 17
50 710 28 410 30 16
60 710 38 310 31 10 15
80 81 210 18 310 22 11 20 13
110 71 12 13 12 110 42 13 22 11 10 12
70 61 12 13 112 11 10 11
70 51 12 13 132 11 10 10
70 41 12 13 152 11 10 9
50 41 13 171 10 9
60 31 23 172 11 10 8
50 31 13 191 10 8
70 31 13 22 23 151 10 8
110 31 17 11 13 52 13 42 13 61 10 8
100 31 17 23 42 13 62 13 51 10 8
120 31 15 17 13 42 13 62 13 42 11 10 8
120 31 16 15 13 42 13 62 13 42 11 10 8
110 46 15 13 42 23 42 23 32 11 10 9
100 45 11 12 13 42 63 32 21 10 9
90 51 12 23 42 43 32 21 10 10
70 61 12 33 72 31 10 11
50 71 12 111 10 12
50 81 22 71 20 13
30 101 70 15
10 32
10 32
10 32
10 32
10 32
10 32
10 32
10 32
10 32
10 32
30 101 80 14
90 85 16 25 17 23 12 31 20 12
120 71 25 27 21 13 21 12 13 12 11 10 11
110 61 12 15 16 25 17 23 62 11 10 10
120 31 32 13 11 15 27 21 13 72 11 10 9
90 21 12 23 92 13 72 11 10 8
90 11 12 63 62 13 81 110 40 4
90 11 12 13 52 13 142 11 110 6
60 11 13 212 18 610 1
50 11 13 202 18 8
50 11 13 202 18 8
80 11 12 13 52 13 132 18 8
70 21 12 63 132 110 18 7
60 31 12 43 152 110 7
70 41 12 13 162 11 10 8
70 41 12 23 142 21 10 8
70 51 12 23 122 21 10 9
70 61 12 33 82 31 10 10
50 71 12 121 10 11
50 81 22 81 20 12
30 101 80 14
10 32
10 32
10 32
10 32
10 32
10 32
10 32
10 32
50 91 40 21 40 13
100 81 12 13 22 11 22 33 11 10 12
110 71 12 13 14 23 12 23 32 21 10 11
90 71 13 62 13 14 13 31 10 11
80 71 13 101 15 13 11 10 10
100 61 12 23 95 16 13 15 13 10 9
130 51 12 13 12 23 85 16 13 15 16 12 10 8
90 51 13 137 15 13 17 15 10 8
90 41 12 13 137 23 17 21 10 7
100 41 13 141 17 13 11 17 11 10 7
70 41 13 122 23 51 10 7
50 41 13 191 10 7
70 41 13 161 13 21 10 7
70 41 12 13 172 11 10 7
70 41 12 13 172 11 10 7
70 51 12 13 152 11 10 8
70 51 12 23 132 21 10 8
90 61 12 18 32 13 82 21 10 9
70 78 52 13 52 31 10 10
60 78 510 12 71 10 11
60 68 610 12 51 20 12
60 68 510 28 11 40 14
60 68 510 28 310 10 15
60 68 410 28 310 10 16
70 610 18 210 48 110 20 16
50 710 30 210 30 17
10 32
10 32
10 32
10 32
10 32
10 32
10 32
50 61 40 91 40 9
140 51 12 13 22 11 10 11 73 14 13 12 11 10 8
150 41 12 13 14 23 12 11 12 13 62 23 22 11 10 7
110 41 13 62 13 24 33 42 13 21 10 7
90 41 13 84 53 42 13 11 10 7
90 41 12 13 84 33 62 11 10 7
60 51 12 13 171 10 7
110 61 12 13 111 15 13 11 15 11 10 7
110 51 13 135 16 12 15 16 12 11 10 6
110 51 13 135 16 12 15 16 13 11 10 6
110 51 13 137 15 12 17 15 13 11 10 6
90 51 13 137 22 17 23 11 10 6
110 51 13 131 17 13 11 17 13 11 10 6
90 51 12 13 102 23 52 11 10 6
70 51 12 13 172 11 10 6
100 510 11 12 13 131 13 12 11 10 7
80 510 11 12 23 132 21 10 7
80 410 31 12 23 112 21 10 8
100 410 18 110 21 12 33 72 31 10 9
80 310 28 210 21 12 111 10 10
80 310 18 410 21 22 71 20 11
70 310 18 410 28 21 70 13
70 310 18 310 28 310 20 18
70 310 28 110 48 110 20 19
multijmp
4
32
32
10 32
10 32
10 32
10 32
10 32
50 81 40 81 40 8
120 71 12 13 22 11 10 61 13 32 11 10 7
110 61 12 13 42 11 62 33 22 11 10 6
90 61 13 62 13 72 33 11 10 6
120 61 13 84 33 11 15 13 11 12 21 10 6
140 61 12 13 64 43 15 16 13 15 13 12 11 10 6
120 72 23 64 33 15 16 13 15 16 11 10 7
110 71 12 23 107 15 13 17 15 11 10 6
80 71 13 127 23 17 21 10 6
120 61 12 13 121 17 13 11 17 12 11 10 5
100 61 13 112 23 22 13 12 11 20 5
80 61 13 162 13 22 11 10 4
70 61 13 162 13 31 10 4
50 61 13 201 10 4
50 61 13 201 10 4
70 61 12 13 182 11 10 4
80 510 11 12 13 182 11 10 4
80 510 21 12 13 162 11 10 5
80 510 21 12 23 142 21 10 5
100 510 18 110 11 12 23 122 21 10 6
100 510 18 110 21 12 33 82 31 10 7
80 510 18 210 21 12 121 10 8
80 510 28 210 21 22 81 20 9
60 610 18 310 31 80 11
70 610 28 310 28 310 20 14
70 710 28 110 48 110 20 15
50 810 30 210 30 16
10 32
10 32
10 32
10 32
10 32
10 32
10 32
30 141 70 11
70 121 22 13 52 11 20 9
110 111 12 13 34 33 11 15 12 11 10 8
120 71 42 13 34 43 15 16 13 15 12 10 7
150 61 12 13 32 13 44 33 15 16 13 15 16 11 10 6
110 51 12 13 147 15 13 17 15 11 10 5
80 51 13 157 23 17 21 10 5
110 51 13 151 17 13 11 17 12 11 10 4
110 51 12 13 122 23 22 13 12 11 20 4
90 61 12 33 142 13 22 11 10 3
80 61 12 43 132 13 31 10 3
60 61 12 13 201 10 3
50 61 13 211 10 3
70 61 12 13 192 11 10 3
80 510 11 12 13 192 11 10 3
80 510 21 12 13 172 11 10 4
80 510 21 12 23 152 21 10 4
100 510 18 110 11 12 23 132 21 10 5
100 510 18 110 21 12 23 112 21 10 6
100 510 18 210 21 12 33 72 31 10 7
80 510 28 210 21 12 111 10 8
80 610 18 310 21 22 71 20 9
70 610 28 310 28 11 70 11
70 710 28 110 48 110 20 15
50 810 30 210 30 16
10 32
10 32
10 32
10 32
10 32
10 32
30 131 70 12
70 111 22 13 52 11 20 10
110 101 12 13 34 33 21 15 12 11 10 8
120 91 12 13 34 53 15 16 13 15 13 10 7
120 81 12 13 54 33 25 16 13 15 16 10 7
100 71 12 13 127 15 13 17 15 10 6
90 61 12 13 137 23 17 21 10 5
110 61 13 141 17 13 11 17 12 11 10 4
130 51 12 43 92 23 22 13 12 11 12 11 10 3
90 51 12 13 172 13 22 11 10 3
70 51 13 182 13 31 10 3
50 51 13 221 10 3
70 51 13 62 13 151 10 3
80 51 12 13 42 23 151 10 3
60 51 12 63 161 10 3
80 410 11 12 53 162 11 10 3
70 410 21 12 13 191 10 4
80 410 21 12 23 172 11 10 4
100 410 18 110 11 12 23 152 11 10 5
100 410 18 110 21 12 23 122 31 10 5
100 410 18 210 21 12 33 82 41 10 6
80 410 28 210 21 12 121 20 7
80 510 18 310 21 22 81 20 9
70 510 28 310 28 11 80 11
70 610 28 110 48 110 20 16
50 710 30 210 30 17
10 32
10 32
10 32
10 32
10 32
10 32
10 32
50 81 40 91 40 7
120 71 12 13 22 11 10 11 73 32 11 10 6
130 61 12 13 42 11 12 13 62 23 22 11 10 5
110 61 13 62 13 34 33 32 13 21 10 5
90 61 13 94 53 32 13 11 10 5
90 61 12 13 94 33 52 11 10 5
60 71 12 13 171 10 5
110 81 12 13 111 15 13 11 15 11 10 5
120 71 12 13 125 16 12 15 16 12 11 10 4
120 71 12 13 125 16 12 15 16 13 11 10 4
110 71 13 137 15 12 17 15 13 11 10 4
90 71 13 137 22 17 23 11 10 4
110 71 13 131 17 13 11 17 13 11 10 4
90 71 12 13 102 23 52 11 10 4
70 71 12 13 172 11 10 4
100 710 11 12 13 131 13 12 11 10 5
80 710 11 12 23 132 21 10 5
80 610 31 12 23 112 21 10 6
100 610 18 110 21 12 33 72 31 10 7
80 510 28 210 21 12 111 10 8
80 510 18 410 21 22 71 20 9
70 510 18 410 28 21 70 11
70 510 18 310 28 310 20 16
70 510 28 110 48 110 20 17
50 610 30 210 30 18
rest
7
32
32
10 32
10 32
10 32
10 32
10 32
10 32
10 32
10 32
10 32
10 32
30 131 70 12
70 111 22 13 52 11 20 10
90 101 12 13 34 33 32 11 10 9
90 91 12 13 34 53 32 11 10 8
90 81 12 13 54 33 52 11 10 7
70 71 12 13 152 11 10 6
110 71 13 101 15 13 21 15 13 11 10 6
130 61 12 13 105 16 12 13 15 16 12 21 10 5
130 61 13 115 16 12 13 15 16 12 13 11 10 5
150 51 12 23 107 15 12 13 17 15 12 13 12 11 10 4
130 41 12 13 127 22 13 17 22 13 12 21 10 3
150 31 12 13 131 17 13 21 17 13 22 13 12 11 10 2
90 31 13 122 23 62 33 21 10 2
70 31 13 212 23 21 10 2
130 31 12 13 42 13 101 13 32 23 22 11 10 2
80 41 12 41 13 132 51 10 3
70 51 52 13 112 21 40 4
90 78 52 13 72 31 110 18 30 4
110 68 29 28 32 91 110 18 39 18 10 3
70 68 82 61 210 18 60 3
90 610 18 610 11 610 28 610 10 3
50 710 80 310 100 4
10 32
10 32
10 32
10 32
10 32
10 32
10 32
10 32
10 32
10 32
30 131 70 12
70 111 22 13 52 11 20 10
90 101 12 13 34 33 32 11 10 9
90 91 12 13 34 53 32 11 10 8
90 81 12 13 54 33 52 11 10 7
70 71 12 13 152 11 10 6
70 71 13 91 42 11 40 6
130 61 12 13 105 16 12 13 15 16 12 21 10 5
130 61 13 115 16 12 13 15 16 12 13 11 10 5
150 51 12 23 107 15 12 13 17 15 12 13 12 11 10 4
130 41 12 13 127 22 13 17 22 13 12 21 10 3
150 31 12 13 131 17 13 21 17 13 22 13 12 11 10 2
90 31 13 122 23 62 33 21 10 2
70 31 13 212 23 21 10 2
130 31 12 13 42 13 101 13 32 23 22 11 10 2
80 41 12 41 13 132 51 10 3
70 51 52 13 112 21 40 4
90 78 52 13 72 31 110 18 30 4
110 68 29 28 32 91 110 18 39 18 10 3
70 68 82 61 210 18 60 3
90 610 18 610 11 610 28 610 10 3
50 710 80 310 100 4
10 32
10 32
10 32
10 32
10 32
10 32
10 32
10 32
10 32
10 32
30 131 70 12
70 111 22 13 52 11 20 10
90 101 12 13 34 33 32 11 10 9
90 91 12 13 34 53 32 11 10 8
90 81 12 13 54 33 52 11 10 7
70 71 12 13 152 11 10 6
50 71 13 171 10 6
100 61 12 13 91 42 11 32 11 10 5
130 61 13 115 16 12 13 15 16 12 13 11 10 5
150 51 12 23 107 15 12 13 17 15 12 13 12 11 10 4
130 41 12 13 127 22 13 17 22 13 12 21 10 3
90 31 12 13 212 13 12 11 10 2
90 31 13 122 23 62 33 21 10 2
70 31 13 212 23 21 10 2
130 31 12 13 42 13 101 13 32 23 22 11 10 2
80 41 12 41 13 132 51 10 3
70 51 52 13 112 21 40 4
90 78 52 13 72 31 110 18 30 4
110 68 29 28 32 91 110 18 39 18 10 3
70 68 82 61 210 18 60 3
90 610 18 610 11 610 28 610 10 3
50 710 80 310 100 4
10 32
10 32
10 32
10 32
10 32
10 32
10 32
10 32
10 32
10 32
30 131 70 12
70 111 22 13 52 11 20 10
90 101 12 13 34 33 32 11 10 9
90 91 12 13 34 53 32 11 10 8
90 81 12 13 54 33 52 11 10 7
70 71 12 13 152 11 10 6
50 71 13 171 10 6
70 61 12 13 172 11 10 5
50 61 13 191 10 5
120 51 12 23 82 11 42 11 33 12 11 10 4
70 41 12 13 202 21 10 3
90 31 12 13 212 13 12 11 10 2
90 31 13 122 23 62 33 21 10 2
70 31 13 212 23 21 10 2
130 31 12 13 42 13 101 13 32 23 22 11 10 2
80 41 12 41 13 132 51 10 3
70 51 52 13 112 21 40 4
90 78 52 13 72 31 110 18 30 4
110 68 29 28 32 91 110 18 39 18 10 3
70 68 82 61 210 18 60 3
90 610 18 610 11 610 28 610 10 3
50 710 80 310 100 4
10 32
10 32
10 32
10 32
10 32
10 32
10 32
10 32
10 32
10 32
30 131 70 12
70 111 22 13 52 11 20 10
90 101 12 13 34 33 32 11 10 9
90 91 12 13 34 53 32 11 10 8
90 81 12 13 54 33 52 11 10 7
70 71 12 13 152 11 10 6
50 71 13 171 10 6
100 61 12 13 91 42 11 32 11 10 5
130 61 13 115 16 12 13 15 16 12 13 11 10 5
150 51 12 23 107 15 12 13 17 15 12 13 12 11 10 4
130 41 12 13 127 22 13 17 22 13 12 21 10 3
90 31 12 13 212 13 12 11 10 2
90 31 13 122 23 62 33 21 10 2
70 31 13 212 23 21 10 2
130 31 12 13 42 13 101 13 32 23 22 11 10 2
80 41 12 41 13 132 51 10 3
70 51 52 13 112 21 40 4
90 78 52 13 72 31 110 18 30 4
110 68 29 28 32 91 110 18 39 18 10 3
70 68 82 61 210 18 60 3
90 610 18 610 11 610 28 610 10 3
50 710 80 310 100 4
10 32
10 32
10 32
10 32
10 32
10 32
10 32
10 32
10 32
10 32
30 131 70 12
70 111 22 13 52 11 20 10
90 101 12 13 34 33 32 11 10 9
90 91 12 13 34 53 32 11 10 8
90 81 12 13 54 33 52 11 10 7
70 71 12 13 152 11 10 6
70 71 13 91 42 11 40 6
130 61 12 13 105 16 12 13 15 16 12 21 10 5
130 61 13 115 16 12 13 15 16 12 13 11 10 5
150 51 12 23 107 15 12 13 17 15 12 13 12 11 10 4
130 41 12 13 127 22 13 17 22 13 12 21 10 3
150 31 12 13 131 17 13 21 17 13 22 13 12 11 10 2
90 31 13 122 23 62 33 21 10 2
70 31 13 212 23 21 10 2
130 31 12 13 42 13 101 13 32 23 22 11 10 2
80 41 12 41 13 132 51 10 3
70 51 52 13 112 21 40 4
90 78 52 13 72 31 110 18 30 4
110 68 29 28 32 91 110 18 39 18 10 3
70 68 82 61 210 18 60 3
90 610 18 610 11 610 28 610 10 3
50 710 80 310 100 4
10 32
10 32
10 32
10 32
10 32
10 32
10 32
10 32
10 32
10 32
30 131 70 12
70 111 22 13 52 11 20 10
90 101 12 13 34 33 32 11 10 9
90 91 12 13 34 53 32 11 10 8
90 81 12 13 54 33 52 11 10 7
70 71 12 13 152 11 10 6
110 71 13 101 15 13 21 15 13 11 10 6
130 61 12 13 105 16 12 13 15 16 12 21 10 5
130 61 13 115 16 12 13 15 16 12 13 11 10 5
150 51 12 23 107 15 12 13 17 15 12 13 12 11 10 4
130 41 12 13 127 22 13 17 22 13 12 21 10 3
150 31 12 13 131 17 13 21 17 13 22 13 12 11 10 2
90 31 13 122 23 62 33 21 10 2
70 31 13 212 23 21 10 2
130 31 12 13 42 13 101 13 32 23 22 11 10 2
80 41 12 41 13 132 51 10 3
70 51 52 13 112 21 40 4
90 78 52 13 72 31 110 18 30 4
110 68 29 28 32 91 110 18 39 18 10 3
70 68 82 61 210 18 60 3
90 610 18 610 11 610 28 610 10 3
50 710 80 310 100 4
slow
5
32
32
10 32
10 32
10 32
10 32
10 32
10 32
10 32
10 32
10 32
10 32
30 121 70 13
70 101 22 13 52 11 20 11
90 91 12 13 34 33 32 11 10 10
90 81 12 13 34 53 32 11 10 9
90 71 12 13 54 33 52 11 10 8
70 61 12 13 152 11 10 7
100 61 13 121 15 13 11 15 11 10 7
140 51 12 13 12 43 75 16 12 15 16 12 11 10 6
150 51 13 12 13 42 13 65 16 12 15 16 12 11 10 6
120 51 12 13 127 15 12 17 15 12 11 10 6
100 51 12 13 127 22 17 22 11 10 6
120 51 12 13 121 17 13 11 17 13 11 10 6
110 51 12 23 42 13 42 23 52 11 10 6
70 51 12 73 112 11 10 6
90 61 12 53 91 13 12 11 10 7
70 61 12 23 132 21 10 7
80 71 18 42 13 82 21 10 8
110 78 29 28 32 13 42 31 110 18 10 7
100 78 710 12 61 110 18 19 18 10 6
90 710 18 710 12 31 210 18 40 6
90 810 38 310 21 310 28 410 10 6
30 1110 140 7
10 32
10 32
10 32
10 32
10 32
10 32
10 32
10 32
10 32
10 32
30 121 70 13
70 101 22 13 52 11 20 11
90 91 12 13 34 33 32 11 10 10
90 81 12 13 34 53 32 11 10 9
90 71 12 13 54 33 52 11 10 8
70 61 12 13 152 11 10 7
80 61 13 141 15 13 11 10 7
110 51 12 13 42 43 65 16 12 21 10 6
130 51 13 42 13 42 13 55 16 12 13 11 10 6
110 51 13 32 13 117 15 12 13 11 10 6
100 51 13 32 13 117 22 13 11 10 6
100 51 13 32 13 111 17 13 21 10 6
130 51 12 13 22 23 42 13 32 23 32 11 10 6
90 51 12 13 32 63 82 11 10 6
100 61 12 13 32 43 71 12 11 10 7
70 61 12 23 132 21 10 7
80 71 12 28 53 62 21 10 8
90 81 18 29 28 33 32 31 10 9
70 98 710 12 41 110 20 8
100 910 18 510 22 21 210 18 110 10 8
70 1010 71 210 28 210 10 8
30 1110 120 9
10 32
10 32
10 32
10 32
10 32
10 32
10 32
10 32
10 32
10 32
10 32
30 121 70 13
70 101 22 13 52 11 20 11
90 91 12 13 34 33 32 11 10 10
90 81 12 13 34 53 32 11 10 9
90 71 12 13 54 33 52 11 10 8
70 61 12 13 152 11 10 7
70 61 13 151 15 11 10 7
90 51 12 13 155 16 12 11 10 6
100 51 13 62 33 75 16 12 11 10 6
100 51 13 52 13 107 15 12 11 10 6
90 51 13 42 13 117 22 11 10 6
130 51 12 13 32 13 62 13 41 17 12 11 10 6
130 51 12 13 32 13 62 13 22 23 22 11 10 6
100 61 12 13 22 23 42 23 51 20 7
90 61 12 23 22 63 52 21 10 7
90 71 12 23 22 43 52 21 10 8
80 81 12 38 63 12 31 10 9
90 91 12 18 29 28 42 21 10 10
60 101 18 81 210 10 10
50 1110 18 610 40 10
30 1110 100 11
10 32
10 32
10 32
10 32
10 32
10 32
10 32
10 32
10 32
10 32
30 121 70 13
70 101 22 13 52 11 20 11
90 91 12 13 34 33 32 11 10 10
90 81 12 13 34 53 32 11 10 9
90 71 12 13 54 33 52 11 10 8
70 61 12 13 152 11 10 7
80 61 13 141 15 13 11 10 7
90 51 12 13 145 16 12 21 10 6
110 51 13 42 33 85 16 12 13 11 10 6
110 51 13 32 13 117 15 12 13 11 10 6
100 51 13 22 13 127 22 13 11 10 6
100 51 13 22 13 121 17 13 21 10 6
130 51 12 13 12 13 62 13 32 23 32 11 10 6
110 51 12 13 12 23 42 23 82 11 10 6
100 61 12 13 12 63 71 12 11 10 7
90 61 12 23 12 43 82 21 10 7
70 71 12 23 112 21 10 8
90 81 12 18 63 32 31 110 20 7
80 98 29 28 42 41 110 30 7
60 98 82 21 210 40 7
70 910 18 610 11 210 40 9
30 1010 110 11
10 32
10 32
10 32
10 32
10 32
10 32
10 32
10 32
10 32
10 32
30 121 70 13
70 101 22 13 52 11 20 11
90 91 12 13 34 33 32 11 10 10
90 81 12 13 34 53 32 11 10 9
90 71 12 13 54 33 52 11 10 8
70 61 12 13 152 11 10 7
100 61 13 121 15 13 11 15 11 10 7
120 51 12 13 125 16 12 15 16 12 11 10 6
120 51 12 23 115 16 12 15 16 12 11 10 6
110 51 13 137 15 12 17 15 12 11 10 6
100 41 12 13 137 22 17 22 21 10 5
130 41 13 141 17 13 11 17 13 12 13 11 10 4
90 41 13 122 23 52 23 11 10 4
80 41 12 13 182 23 11 10 4
110 51 12 33 121 13 12 23 12 11 10 4
70 61 12 33 122 21 30 5
90 71 12 23 112 21 110 18 10 6
90 88 52 13 52 31 110 18 30 5
100 78 29 28 32 71 110 18 310 10 5
80 78 82 41 210 18 210 20 6
90 710 18 610 21 310 28 110 20 8
50 810 811 110 50 10
slowstop
2
32
32
10 32
10 32
10 32
10 32
10 32
10 32
10 32
10 32
10 32
10 32
30 131 70 12
70 111 22 13 52 11 20 10
90 101 12 13 34 33 32 11 10 9
90 91 12 13 34 53 32 11 10 8
90 81 12 13 54 33 52 11 10 7
70 71 12 13 152 11 10 6
110 71 13 101 15 13 21 15 13 11 10 6
130 61 12 13 105 16 12 13 15 16 12 21 10 5
150 51 12 13 115 16 12 13 15 16 12 13 12 11 10 4
150 41 12 13 127 15 12 13 17 15 12 13 12 21 10 3
150 31 12 13 137 22 13 17 22 13 12 13 12 11 10 2
130 31 13 141 17 13 21 17 13 22 13 21 10 2
90 31 13 122 23 62 33 21 10 2
90 31 12 13 202 23 12 11 10 2
90 41 12 53 101 13 32 41 10 3
70 51 32 23 132 21 30 4
70 81 12 23 112 21 10 7
90 78 52 13 72 31 110 18 30 4
110 68 29 28 32 91 110 18 39 18 10 3
70 68 82 61 210 18 60 3
90 610 18 610 11 610 28 610 10 3
50 710 80 310 100 4
10 32
10 32
10 32
10 32
10 32
10 32
10 32
10 32
10 32
10 32
10 32
30 131 70 12
70 111 22 13 52 11 20 10
90 101 12 13 34 33 32 11 10 9
90 91 12 13 34 53 32 11 10 8
90 81 12 13 54 33 52 11 10 7
70 71 12 13 152 11 10 6
110 71 13 101 15 13 21 15 13 11 10 6
130 61 12 13 105 16 12 13 15 16 12 21 10 5
140 51 23 115 16 12 13 15 16 12 13 12 11 10 4
150 41 12 13 127 15 12 13 17 15 12 13 12 21 10 3
150 31 12 13 137 22 13 17 22 13 12 13 12 11 10 2
130 31 13 141 17 13 21 17 13 12 23 21 10 2
90 31 13 122 23 62 33 21 10 2
130 31 12 13 42 13 101 13 32 23 22 11 10 2
70 41 12 53 132 51 10 3
70 51 32 33 112 21 40 4
90 78 52 13 72 31 110 18 30 4
110 68 29 28 32 91 110 18 39 18 10 3
70 68 82 61 210 18 60 3
90 610 18 610 11 610 28 610 10 3
50 710 80 310 100 4
walk
12
32
32
10 32
10 32
10 32
10 32
10 32
10 32
10 32
10 32
10 32
10 32
30 131 70 12
70 111 22 13 52 11 20 10
90 101 12 13 34 33 32 11 10 9
90 91 12 13 34 53 32 11 10 8
90 81 12 13 54 33 52 11 10 7
70 71 12 13 152 11 10 6
130 51 22 23 71 15 13 21 15 13 32 11 20 4
170 41 12 13 32 13 65 16 12 13 15 16 12 13 22 31 10 3
170 31 12 13 115 16 12 13 15 16 12 13 32 13 12 11 10 2
150 31 13 127 15 12 13 17 15 12 13 32 13 21 10 2
150 31 12 13 117 22 13 17 22 13 32 13 12 11 10 2
130 31 12 23 101 17 13 21 17 13 42 31 10 2
90 41 12 33 52 23 112 21 10 3
110 51 22 23 102 18 32 13 12 11 20 4
120 610 11 12 13 92 18 19 28 22 11 10 6
90 610 11 12 23 88 62 11 10 6
100 610 21 12 23 62 18 310 31 10 7
90 610 31 12 33 32 18 310 40 8
70 710 31 12 68 210 50 8
70 710 41 22 38 310 40 9
70 810 51 310 18 110 50 9
50 910 60 210 50 10
10 32
10 32
10 32
10 32
10 32
10 32
10 32
10 32
10 32
10 32
30 131 70 12
70 111 22 13 52 11 20 10
90 101 12 13 34 33 32 11 10 9
90 91 12 13 34 53 32 11 10 8
90 81 12 13 54 33 52 11 10 7
70 71 12 13 152 11 10 6
110 71 13 91 15 13 21 15 13 21 10 6
150 61 12 13 95 16 12 13 15 16 12 13 12 11 10 5
140 61 12 23 85 16 12 13 15 16 12 13 21 10 5
150 51 12 13 107 15 12 13 17 15 12 13 22 11 10 4
130 41 12 13 117 22 13 17 22 13 32 11 10 3
120 41 13 121 17 13 21 17 13 42 11 10 3
140 41 13 62 13 32 23 62 13 12 13 12 11 10 3
110 41 12 13 42 23 132 13 12 11 10 3
90 51 12 53 91 13 32 31 10 4
90 61 22 23 92 18 32 21 20 5
110 710 11 12 23 72 18 19 28 21 10 7
90 710 21 12 33 42 18 410 20 8
70 710 31 12 78 310 30 8
70 810 31 22 48 310 40 8
60 910 41 38 310 40 9
50 1110 48 210 50 10
10 32
10 32
10 32
10 32
10 32
10 32
10 32
10 32
10 32
30 121 70 13
70 101 22 13 52 11 20 11
90 91 12 13 34 33 32 11 10 10
90 81 12 13 34 53 32 11 10 9
90 71 12 13 54 33 52 11 10 8
70 61 12 13 152 11 10 7
110 61 13 101 15 13 21 15 13 11 10 7
130 51 12 13 105 16 12 13 15 16 12 21 10 6
130 51 13 115 16 12 13 15 16 12 13 11 10 6
130 51 13 117 15 12 13 17 15 12 13 11 10 6
130 51 13 12 33 77 22 13 17 22 13 11 10 6
120 51 12 13 101 17 13 21 17 13 21 10 6
80 51 13 92 23 62 31 10 5
80 51 13 62 13 112 21 10 5
110 51 13 62 13 61 13 32 23 11 10 5
90 51 12 13 42 23 92 41 10 5
70 61 12 53 92 41 10 6
80 610 11 22 33 72 51 10 7
70 710 21 12 88 51 10 8
100 710 18 110 11 22 48 49 28 20 8
70 810 18 110 21 28 100 8
70 910 18 210 28 910 10 8
30 1010 130 9
10 32
10 32
10 32
10 32
10 32
10 32
10 32
10 32
10 32
30 121 70 13
70 101 22 13 52 11 20 11
90 91 12 13 34 33 32 11 10 10
90 81 12 13 34 53 32 11 10 9
90 71 12 13 54 33 52 11 10 8
70 61 12 13 152 11 10 7
100 61 13 111 15 13 21 15 11 10 7
130 51 12 13 115 16 12 13 15 16 12 11 10 6
120 51 13 125 16 12 13 15 16 12 11 10 6
120 51 13 127 15 12 13 17 15 12 11 10 6
140 51 13 32 13 42 13 37 22 13 17 22 11 10 6
150 51 13 22 13 62 13 21 17 13 21 17 13 11 10 6
110 51 12 13 12 13 62 33 62 11 10 6
110 51 12 13 12 13 62 13 82 11 10 6
110 61 12 33 42 23 41 13 22 11 10 7
70 61 12 83 72 21 10 7
70 71 12 63 62 31 10 8
50 81 12 131 10 9
60 910 48 72 11 10 10
60 910 38 59 28 20 11
40 1010 38 80 11
50 1110 48 510 10 11
30 1310 70 12
10 32
10 32
10 32
10 32
10 32
10 32
10 32
10 32
10 32
30 121 70 13
70 101 22 13 52 11 20 11
90 91 12 13 34 33 32 11 10 10
90 81 12 13 34 53 32 11 10 9
90 71 12 13 54 33 52 11 10 8
70 61 12 13 152 11 10 7
100 61 13 121 15 13 12 15 11 10 7
110 51 12 13 125 16 12 26 12 11 10 6
100 51 13 135 16 12 26 12 11 10 6
120 51 13 92 13 37 15 12 25 12 11 10 6
110 51 13 102 13 27 22 27 12 11 10 6
130 51 13 112 13 11 17 13 12 17 13 11 10 6
90 51 12 13 102 23 52 11 10 6
110 51 12 13 32 13 62 13 62 11 10 6
130 61 12 13 22 23 42 23 31 13 12 11 10 7
90 61 12 23 22 63 52 21 10 7
90 71 12 23 22 43 52 21 10 8
70 710 22 43 62 31 10 9
60 710 48 62 41 10 10
90 810 28 59 18 22 11 210 10 10
70 910 28 71 110 18 20 10
70 1110 28 410 18 310 10 10
30 1310 80 11
10 32
10 32
10 32
10 32
10 32
10 32
10 32
10 32
10 32
10 32
30 121 70 13
70 101 22 13 52 11 20 11
90 91 12 13 34 33 32 11 10 10
90 81 12 13 34 53 32 11 10 9
90 71 12 13 54 33 52 11 10 8
70 61 12 13 152 11 10 7
80 61 13 141 15 12 11 10 7
100 51 12 13 145 16 12 16 11 10 6
110 51 13 82 33 45 16 12 16 11 10 6
110 51 13 112 13 37 15 12 15 11 10 6
100 51 13 122 13 27 22 17 11 10 6
110 51 13 122 13 21 17 12 17 11 10 6
110 51 12 13 42 13 62 23 42 11 10 6
110 51 12 23 32 23 42 23 52 11 10 6
110 61 110 12 13 32 63 41 12 11 10 7
90 610 32 13 32 43 52 21 10 7
80 610 52 13 92 21 110 10 7
90 610 38 62 13 32 31 110 20 7
110 710 18 59 18 22 51 110 18 110 10 7
90 710 28 72 31 210 18 110 10 8
90 810 38 410 11 310 18 210 10 9
30 1010 120 10
10 32
10 32
10 32
10 32
10 32
10 32
10 32
10 32
10 32
10 32
30 121 70 13
70 101 22 13 52 11 20 11
90 91 12 13 34 33 32 11 10 10
90 81 12 13 34 53 32 11 10 9
90 71 12 13 54 33 52 11 10 8
70 61 12 13 152 11 10 7
90 61 13 72 43 41 15 11 10 7
130 51 12 13 62 13 42 13 35 16 12 11 10 6
100 51 13 132 13 25 16 13 11 10 6
100 51 13 132 13 27 15 13 11 10 6
90 51 13 132 13 27 23 11 10 6
120 51 13 62 13 52 23 21 17 13 11 10 6
100 51 12 13 62 83 32 11 110 10 5
110 410 11 12 13 72 43 62 11 110 20 4
110 410 21 12 13 152 11 110 18 110 10 4
110 410 21 12 23 132 21 110 18 110 10 4
130 410 18 110 11 12 23 112 21 110 18 210 10 4
120 410 18 210 12 43 72 31 110 18 210 10 5
100 410 28 210 12 121 110 18 310 10 5
110 510 18 310 11 12 81 210 18 310 10 6
90 510 28 310 21 710 28 210 20 7
50 610 50 710 50 9
10 32
10 32
10 32
10 32
10 32
10 32
10 32
10 32
10 32
10 32
30 121 70 13
70 101 22 13 52 11 20 11
90 91 12 13 34 33 32 11 10 10
90 81 12 13 34 53 32 11 10 9
90 71 12 13 54 33 52 11 10 8
70 61 12 13 152 11 10 7
80 61 13 141 15 12 11 10 7
100 51 12 13 145 16 12 16 11 10 6
110 51 13 82 33 45 16 12 16 11 10 6
110 51 13 112 13 37 15 12 15 11 10 6
100 51 13 122 13 27 22 17 11 10 6
110 51 13 122 13 21 17 12 17 11 10 6
110 51 12 13 42 13 62 23 42 11 10 6
110 51 12 23 32 23 42 23 52 11 10 6
110 61 110 12 13 32 63 41 12 11 10 7
90 610 32 13 32 43 52 21 10 7
80 610 52 13 92 21 110 10 7
90 610 38 62 13 32 31 110 20 7
110 710 18 59 18 22 51 110 18 110 10 7
90 710 28 72 31 210 18 110 10 8
90 810 38 410 11 310 18 210 10 9
30 1010 120 10
10 32
10 32
10 32
10 32
10 32
10 32
10 32
10 32
10 32
30 121 70 13
70 101 22 13 52 11 20 11
90 91 12 13 34 33 32 11 10 10
90 81 12 13 34 53 32 11 10 9
90 71 12 13 54 33 52 11 10 8
70 61 12 13 152 11 10 7
100 61 13 121 15 13 12 15 11 10 7
110 51 12 13 125 16 12 26 12 11 10 6
100 51 13 135 16 12 26 12 11 10 6
120 51 13 92 13 37 15 12 25 12 11 10 6
110 51 13 102 13 27 22 27 12 11 10 6
130 51 13 112 13 11 17 13 12 17 13 11 10 6
90 51 12 13 102 23 52 11 10 6
110 51 12 13 32 13 62 13 62 11 10 6
130 61 12 13 22 23 42 23 31 13 12 11 10 7
90 61 12 23 22 63 52 21 10 7
90 71 12 23 22 43 52 21 10 8
70 710 22 43 62 31 10 9
60 710 48 62 41 10 10
90 810 28 59 18 22 11 28 10 10
60 910 28 71 18 30 10
70 1110 28 410 18 310 10 10
30 1310 80 11
10 32
10 32
10 32
10 32
10 32
10 32
10 32
10 32
10 32
10 32
30 121 70 13
70 101 22 13 52 11 20 11
90 91 12 13 34 33 32 11 10 10
90 81 12 13 34 53 32 11 10 9
90 71 12 13 54 33 52 11 10 8
70 61 12 13 152 11 10 7
100 61 13 111 15 13 21 15 11 10 7
130 51 12 13 115 16 12 13 15 16 12 11 10 6
120 51 13 125 16 12 13 15 16 12 11 10 6
120 51 13 127 15 12 13 17 15 12 11 10 6
140 51 13 32 13 42 13 37 22 13 17 22 11 10 6
150 51 13 22 13 62 13 21 17 13 21 17 13 11 10 6
110 51 12 13 12 13 62 33 62 11 10 6
110 51 12 13 12 13 62 13 82 11 10 6
110 61 12 33 42 23 41 13 22 11 10 7
70 61 12 83 72 21 10 7
70 71 12 63 62 31 10 8
50 81 12 131 10 9
60 910 48 72 11 10 10
60 910 38 59 28 20 11
40 1010 38 80 11
50 1110 48 510 10 11
10 32
10 32
10 32
10 32
10 32
10 32
10 32
10 32
10 32
30 121 70 13
70 101 22 13 52 11 20 11
90 91 12 13 34 33 32 11 10 10
90 81 12 13 34 53 32 11 10 9
90 71 12 13 54 33 52 11 10 8
70 61 12 13 152 11 10 7
110 61 13 101 15 13 21 15 13 11 10 7
130 51 12 13 105 16 12 13 15 16 12 21 10 6
130 51 13 115 16 12 13 15 16 12 13 11 10 6
130 51 13 117 15 12 13 17 15 12 13 11 10 6
130 51 13 12 33 77 22 13 17 22 13 11 10 6
120 51 12 13 101 17 13 21 17 13 21 10 6
80 51 13 92 23 62 31 10 5
80 51 13 62 13 112 21 10 5
110 51 13 62 13 61 13 32 23 11 10 5
90 51 12 13 42 23 92 41 10 5
70 61 12 53 92 41 10 6
80 610 11 22 33 72 51 10 7
70 710 21 12 88 51 10 8
100 710 18 110 11 22 48 49 28 20 8
70 810 18 110 21 28 100 8
70 910 18 210 28 910 10 8
30 1010 130 9
10 32
10 32
10 32
10 32
10 32
10 32
10 32
10 32
10 32
10 32
30 131 70 12
70 111 22 13 52 11 20 10
90 101 12 13 34 33 32 11 10 9
90 91 12 13 34 53 32 11 10 8
90 81 12 13 54 33 52 11 10 7
70 71 12 13 152 11 10 6
110 71 13 91 15 13 21 15 13 21 10 6
150 61 12 13 95 16 12 13 15 16 12 13 12 11 10 5
140 61 12 23 85 16 12 13 15 16 12 13 21 10 5
150 51 12 13 107 15 12 13 17 15 12 13 22 11 10 4
130 41 12 13 117 22 13 17 22 13 32 11 10 3
120 41 13 121 17 13 21 17 13 42 11 10 3
140 41 13 62 13 32 23 62 13 12 13 12 11 10 3
110 41 12 13 42 23 132 13 12 11 10 3
90 51 12 53 91 13 32 31 10 4
90 61 22 23 92 18 32 21 20 5
110 710 11 12 23 72 18 19 28 21 10 7
90 710 21 12 33 42 18 410 20 8
70 710 31 12 78 310 30 8
70 810 31 22 48 310 40 8
60 910 41 38 310 40 9
50 1110 48 210 50 10